1583718158.445726 21
1583718158.445764 21
1583718158.449438 8
1583718158.449537 21
1583718158.449577 8
1583718158.449699 21
1583718158.449738 8
1583718158.450371 8
1583718158.450401 8
1583718158.450445 8
1583718158.450469 8
1583718158.450566 8
1583718158.553299 21
1583718158.553392 8
1583718158.553762 8
1583718158.662975 27
1583718158.663063 8
1583718158.663217 8
1583718159.545244 26
1583718159.545311 26
1583718159.546113 8
1583718159.546309 8
1583718159.546347 8
1583718159.546373 8
1583718159.642153 21
1583718159.642248 8
1583718159.642516 8
1583718159.700415 27
1583718159.700497 8
1583718159.700647 8
1583718159.777201 26
1583718159.777251 26
1583718159.777579 8
1583718159.777673 8
1583718159.777710 8
1583718159.777740 8
1583718160.094394 27
1583718160.094446 27
1583718160.094826 9
1583718160.094847 9
1583718160.094878 9
1583718160.094903 9
1583718161.659021 28
1583718161.659115 9
1583718161.659418 9
1583718161.675699 27
1583718161.675776 9
1583718161.676048 9
1583718161.783392 27
1583718161.783469 9
1583718161.783641 9
1583718162.327140 28
1583718162.327241 9
1583718162.327515 9
1583718162.370939 22
1583718162.371012 9
1583718162.371196 9
1583718162.951305 22
1583718162.951336 22
1583718162.952105 9
1583718162.952169 9
1583718162.952205 9
1583718162.952231 9
1583718164.132098 27
1583718164.132191 9
1583718164.132435 9
1583718165.013130 27
1583718165.013173 27
1583718165.013529 9
1583718165.013551 9
1583718165.013580 9
1583718165.013604 9
1583718165.241313 27
1583718165.241406 9
1583718165.241604 9
1583718167.675828 28
1583718167.675946 9
1583718167.676172 9
1583718168.262879 22
1583718168.262981 9
1583718168.263165 9
1583718169.442357 27
1583718169.442408 27
1583718169.442806 9
1583718169.442828 9
1583718169.442856 9
1583718169.442879 9
1583718170.464102 29
1583718170.464194 10
1583718170.464478 10
1583718171.460168 27
1583718171.460245 27
1583718171.460588 9
1583718171.460609 9
1583718171.460639 9
1583718171.460664 9
1583718171.562015 22
1583718171.562125 9
1583718171.562413 9
1583718173.043023 22
1583718173.043055 22
1583718173.043432 9
1583718173.043455 9
1583718173.043495 9
1583718173.043520 9
1583718173.777985 21
1583718173.778075 9
1583718173.778319 9
1583718175.031733 28
1583718175.031817 9
1583718175.032051 9
1583718175.080939 27
1583718175.081017 9
1583718175.081203 9
1583718175.685121 28
1583718175.685212 10
1583718175.685469 10
1583718175.907363 27
1583718175.907444 9
1583718175.907638 9
1583718176.590864 27
1583718176.590907 27
1583718176.591296 9
1583718176.591318 9
1583718176.591347 9
1583718176.591367 9
1583718177.006287 28
1583718177.006374 10
1583718177.006631 10
1583718177.437048 29
1583718177.437092 29
1583718177.437450 10
1583718177.437471 10
1583718177.437501 10
1583718177.437526 10
1583718177.674576 28
1583718177.674674 10
1583718177.674961 10
1583718177.877251 28
1583718177.877299 28
1583718177.878329 10
1583718177.878355 10
1583718177.878378 10
1583718177.878414 10
1583718180.427662 29
1583718180.427754 10
1583718180.427979 10
1583718181.219111 28
1583718181.219197 10
1583718181.219380 10
1583718181.873882 28
1583718181.873940 28
1583718181.874280 10
1583718181.874302 10
1583718181.874330 10
1583718181.874355 10
1583718182.596211 29
1583718182.596304 10
1583718182.596540 10
1583718184.214026 28
1583718184.214107 10
1583718184.214278 10
1583718184.990766 29
1583718184.990850 10
1583718184.991044 10
1583718185.187394 28
1583718185.187475 10
1583718185.187723 10
1583718185.614282 28
1583718185.614336 28
1583718185.614660 10
1583718185.614686 10
1583718185.614716 10
1583718185.614735 10
1583718185.634118 28
1583718185.634169 10
1583718185.634413 10
1583718185.782453 28
1583718185.782542 10
1583718185.782802 10
1583718186.015406 23
1583718186.015450 23
1583718186.015795 10
1583718186.015816 10
1583718186.015853 10
1583718186.015879 10
1583718186.165124 23
1583718186.165217 10
1583718186.165454 10
1583718186.382680 28
1583718186.382766 10
1583718186.382984 10
1583718187.045329 28
1583718187.045369 28
1583718187.045662 10
1583718187.045717 10
1583718187.045749 10
1583718187.045773 10
1583718187.265168 28
1583718187.265213 28
1583718187.265538 10
1583718187.265563 10
1583718187.265599 10
1583718187.265640 10
1583718188.111688 28
1583718188.111784 10
1583718188.112055 10
1583718188.843329 23
1583718188.843381 23
1583718188.843756 10
1583718188.843778 10
1583718188.843807 10
1583718188.843831 10
1583718189.401953 28
1583718189.402045 10
1583718189.402325 10
1583718189.841754 23
1583718189.841830 10
1583718189.842031 10
1583718189.996561 23
1583718189.996611 23
1583718189.997553 10
1583718189.997578 10
1583718189.997618 10
1583718189.997646 10
1583718190.717362 29
1583718190.717415 29
1583718190.717745 10
1583718190.717769 10
1583718190.717801 10
1583718190.717827 10
1583718190.744267 28
1583718190.744309 28
1583718190.744571 10
1583718190.744591 10
1583718190.744613 10
1583718190.744625 10
1583718191.162343 22
1583718191.162435 10
1583718191.162684 10
1583718191.740209 28
1583718191.740245 28
1583718191.740523 10
1583718191.740569 10
1583718191.740601 10
1583718191.740621 10
1583718192.313162 23
1583718192.313212 23
1583718192.313531 10
1583718192.313564 10
1583718192.313595 10
1583718192.313619 10
1583718192.347105 29
1583718192.347162 10
1583718192.347364 10
1583718192.845825 23
1583718192.845906 10
1583718192.846071 10
1583718193.168062 28
1583718193.168144 10
1583718193.168441 10
1583718193.359212 22
1583718193.359240 22
1583718193.359618 10
1583718193.359641 10
1583718193.359670 10
1583718193.359694 10
1583718193.379555 28
1583718193.379603 10
1583718193.379809 10
1583718193.420113 28
1583718193.420175 10
1583718193.420361 10
1583718193.995493 28
1583718193.995574 10
1583718193.997036 10
1583718198.227696 29
1583718198.227732 29
1583718198.227993 10
1583718198.228045 10
1583718198.228077 10
1583718198.228102 10
1583718198.836245 28
1583718198.836324 28
1583718198.836646 10
1583718198.836729 10
1583718198.836766 10
1583718198.836792 10
1583718199.086210 28
1583718199.086261 28
1583718199.086745 10
1583718199.086769 10
1583718199.086808 10
1583718199.086831 10
1583718199.669226 28
1583718199.669321 10
1583718199.669546 10
1583718200.259660 28
1583718200.259782 10
1583718200.259982 10
1583718200.387168 29
1583718200.387300 10
1583718200.387483 10
1583718200.441229 28
1583718200.441321 10
1583718200.441506 10
1583718200.536586 28
1583718200.536664 10
1583718200.536869 10
1583718201.828600 29
1583718201.828651 29
1583718201.829000 10
1583718201.829024 10
1583718201.829053 10
1583718201.829078 10
1583718203.013758 28
1583718203.013860 10
1583718203.014080 10
1583718203.724314 23
1583718203.724367 23
1583718203.724749 10
1583718203.724771 10
1583718203.724797 10
1583718203.724869 10
1583718205.523231 28
1583718205.523323 10
1583718205.523607 10
1583718205.867738 28
1583718205.867833 28
1583718205.868111 10
1583718205.868206 10
1583718205.868234 10
1583718205.868268 10
1583718206.495818 28
1583718206.495914 10
1583718206.496174 10
1583718207.298950 28
1583718207.298993 28
1583718207.300091 10
1583718207.300117 10
1583718207.300155 10
1583718207.300182 10
1583718208.327965 23
1583718208.328047 10
1583718208.328309 10
1583718208.713837 28
1583718208.713953 10
1583718208.714138 10
1583718209.827773 29
1583718209.827856 10
1583718209.828046 10
1583718210.236041 29
1583718210.236086 29
1583718210.236520 10
1583718210.236547 10
1583718210.236578 10
1583718210.236603 10
1583718210.857305 28
1583718210.857353 28
1583718210.857708 10
1583718210.857732 10
1583718210.857756 10
1583718210.857789 10
1583718211.708855 29
1583718211.708959 10
1583718211.709176 10
1583718212.303657 28
1583718212.303702 28
1583718212.304017 10
1583718212.304071 10
1583718212.304099 10
1583718212.304123 10
1583718213.018518 29
1583718213.018612 10
1583718213.018866 10
1583718213.394363 28
1583718213.394405 28
1583718213.394746 10
1583718213.394766 10
1583718213.394789 10
1583718213.394816 10
1583718214.391412 29
1583718214.391584 10
1583718214.391819 10
1583718215.193232 28
1583718215.193279 28
1583718215.193628 10
1583718215.193652 10
1583718215.193680 10
1583718215.193704 10
1583718215.748904 23
1583718215.749008 10
1583718215.749256 10
1583718216.381628 23
1583718216.381738 10
1583718216.381972 10
1583718217.144983 29
1583718217.145064 10
1583718217.145480 10
1583718217.920741 28
1583718217.920812 10
1583718217.921007 10
1583718218.743269 28
1583718218.743315 28
1583718218.743750 10
1583718218.743776 10
1583718218.743807 10
1583718218.743842 10
1583718220.643599 29
1583718220.643693 11
1583718220.643964 11
1583718220.994022 29
1583718220.994107 11
1583718220.994305 11
1583718221.784673 30
1583718221.784755 11
1583718221.785036 11
1583718222.341356 30
1583718222.341451 11
1583718222.341724 11
1583718224.103406 30
1583718224.103488 11
1583718224.103807 11
1583718224.820029 30
1583718224.820110 11
1583718224.820343 11
1583718225.543260 29
1583718225.543304 29
1583718225.543704 11
1583718225.543726 11
1583718225.543756 11
1583718225.543782 11
1583718225.994363 24
1583718225.994465 11
1583718225.994723 11
1583718226.030848 29
1583718226.030899 29
1583718226.031256 11
1583718226.031289 11
1583718226.031312 11
1583718226.031344 11
1583718227.471332 29
1583718227.471405 29
1583718227.471761 11
1583718227.471794 11
1583718227.471825 11
1583718227.471851 11
1583718227.697867 29
1583718227.697973 11
1583718227.698261 11
1583718228.903674 29
1583718228.903769 11
1583718228.904042 11
1583718230.025389 29
1583718230.025471 11
1583718230.025901 11
1583718230.156504 30
1583718230.156585 11
1583718230.156830 11
1583718232.046299 30
1583718232.046381 11
1583718232.046615 11
1583718232.354586 29
1583718232.354637 29
1583718232.355031 11
1583718232.355058 11
1583718232.355086 11
1583718232.355110 11
1583718232.846823 30
1583718232.846917 11
1583718232.847163 11
1583718232.878819 29
1583718232.878850 29
1583718232.879163 11
1583718232.879185 11
1583718232.879210 11
1583718232.879237 11
1583718233.266719 29
1583718233.266771 29
1583718233.267138 11
1583718233.267217 11
1583718233.267259 11
1583718233.267280 11
1583718234.594405 29
1583718234.594455 29
1583718234.594830 11
1583718234.594850 11
1583718234.594879 11
1583718234.594902 11
1583718235.469662 29
1583718235.469759 11
1583718235.470037 11
1583718235.681797 29
1583718235.681878 11
1583718235.682087 11
1583718236.237332 29
1583718236.237417 11
1583718236.237987 11
1583718237.074319 30
1583718237.074415 11
1583718237.074667 11
1583718237.739255 30
1583718237.739336 11
1583718237.739545 11
1583718237.872982 29
1583718237.873063 11
1583718237.873275 11
1583718238.770148 29
1583718238.770197 29
1583718238.770582 11
1583718238.770603 11
1583718238.770631 11
1583718238.770655 11
1583718239.573263 30
1583718239.573307 30
1583718239.573639 11
1583718239.573661 11
1583718239.573686 11
1583718239.573705 11
1583718239.575675 29
1583718239.575707 29
1583718239.575874 11
1583718239.575917 11
1583718239.575955 11
1583718239.575985 11
1583718240.563835 29
1583718240.563885 29
1583718240.564171 11
1583718240.564233 11
1583718240.564266 11
1583718240.564292 11
1583718240.714043 30
1583718240.714127 11
1583718240.714342 11
1583718240.864976 30
1583718240.865071 11
1583718240.865303 11
1583718241.015722 29
1583718241.015802 11
1583718241.016046 11
1583718241.192303 24
1583718241.192359 24
1583718241.192753 11
1583718241.192775 11
1583718241.192805 11
1583718241.192825 11
1583718241.634825 29
1583718241.634858 29
1583718241.635171 11
1583718241.635199 11
1583718241.635223 11
1583718241.635249 11
1583718243.345326 29
1583718243.345372 29
1583718243.345699 11
1583718243.345719 11
1583718243.345750 11
1583718243.345771 11
1583718243.956464 29
1583718243.956558 11
1583718243.956775 11
1583718244.154263 30
1583718244.154346 11
1583718244.154536 11
1583718244.674093 29
1583718244.674176 11
1583718244.674442 11
1583718244.767270 30
1583718244.767351 11
1583718244.767710 29
1583718244.767738 29
1583718244.767853 11
1583718244.767890 11
1583718244.767993 11
1583718244.768025 11
1583718244.768051 11
1583718245.128483 29
1583718245.128586 11
1583718245.128789 11
1583718245.382555 29
1583718245.382647 11
1583718245.382915 11
1583718245.889085 29
1583718245.889200 11
1583718245.889368 11
1583718246.386737 29
1583718246.386838 11
1583718246.388047 11
1583718247.314649 30
1583718247.314746 11
1583718247.314952 11
1583718248.881902 29
1583718248.882000 11
1583718248.882249 11
1583718249.632638 29
1583718249.632720 11
1583718249.632904 11
1583718250.170615 24
1583718250.170665 24
1583718250.171028 11
1583718250.171053 11
1583718250.171080 11
1583718250.171103 11
1583718250.832816 30
1583718250.832911 11
1583718250.833138 11
1583718251.843655 29
1583718251.843703 29
1583718251.844085 11
1583718251.844106 11
1583718251.844136 11
1583718251.844161 11
1583718253.310950 24
1583718253.311032 11
1583718253.311276 11
1583718253.777114 30
1583718253.777206 11
1583718253.777477 11
1583718255.222798 30
1583718255.222883 11
1583718255.223093 11
1583718255.491369 30
1583718255.491448 11
1583718255.491678 11
1583718255.627863 24
1583718255.627957 11
1583718255.628142 11
1583718256.091279 30
1583718256.091335 30
1583718256.091690 11
1583718256.091713 11
1583718256.091743 11
1583718256.091769 11
1583718256.358206 30
1583718256.358243 30
1583718256.358571 11
1583718256.358593 11
1583718256.358618 11
1583718256.358651 11
1583718256.683784 30
1583718256.683831 30
1583718256.684140 11
1583718256.684162 11
1583718256.684193 11
1583718256.684217 11
1583718257.062162 30
1583718257.062206 30
1583718257.062524 11
1583718257.062592 11
1583718257.062633 11
1583718257.062652 11
1583718257.665884 29
1583718257.665991 11
1583718257.666365 11
1583718258.100142 29
1583718258.100233 11
1583718258.100467 11
1583718258.782357 29
1583718258.782447 11
1583718258.782687 11
1583718259.391243 29
1583718259.391324 11
1583718259.391632 11
