1583718158.449165 21
1583718158.449306 8
1583718158.449388 21
1583718158.449409 21
1583718158.449629 8
1583718158.449726 21
1583718158.449779 8
1583718158.450391 8
1583718158.450433 8
1583718158.450466 8
1583718158.450476 8
1583718158.450488 8
1583718158.553284 21
1583718158.553362 8
1583718158.553746 8
1583718158.662566 27
1583718158.662643 8
1583718158.663209 8
1583718159.546081 26
1583718159.546169 8
1583718159.546427 8
1583718159.642235 21
1583718159.642311 8
1583718159.642520 8
1583718159.700351 27
1583718159.700422 8
1583718159.700643 8
1583718159.777459 26
1583718159.777543 8
1583718159.777767 8
1583718160.094640 27
1583718160.094714 9
1583718160.094985 9
1583718161.659050 28
1583718161.659126 9
1583718161.659445 9
1583718161.675763 27
1583718161.675826 9
1583718161.676036 9
1583718161.783316 27
1583718161.783386 9
1583718161.783658 9
1583718162.326889 28
1583718162.327003 28
1583718162.327345 9
1583718162.327372 9
1583718162.327401 9
1583718162.327423 9
1583718162.370703 22
1583718162.370745 22
1583718162.371003 9
1583718162.371038 9
1583718162.371069 9
1583718162.371093 9
1583718162.951458 22
1583718162.951564 9
1583718162.952395 9
1583718164.132072 27
1583718164.132170 9
1583718164.132419 9
1583718165.013371 27
1583718165.013446 9
1583718165.013654 9
1583718165.241041 27
1583718165.241070 27
1583718165.241402 9
1583718165.241462 9
1583718165.241493 9
1583718165.241528 9
1583718167.675806 28
1583718167.675891 9
1583718167.676156 9
1583718168.262595 22
1583718168.262645 22
1583718168.262969 9
1583718168.263015 9
1583718168.263045 9
1583718168.263069 9
1583718169.442545 27
1583718169.442628 9
1583718169.442912 9
1583718170.464110 29
1583718170.464196 10
1583718170.464445 10
1583718171.460406 27
1583718171.460482 9
1583718171.460696 9
1583718171.561807 22
1583718171.561854 22
1583718171.562258 9
1583718171.562277 9
1583718171.562305 9
1583718171.562322 9
1583718173.043203 22
1583718173.043298 9
1583718173.043553 9
1583718173.777761 21
1583718173.777807 21
1583718173.778146 9
1583718173.778174 9
1583718173.778202 9
1583718173.778225 9
1583718175.031459 28
1583718175.031493 28
1583718175.031786 9
1583718175.031841 9
1583718175.031874 9
1583718175.031898 9
1583718175.080667 27
1583718175.080732 27
1583718175.080979 9
1583718175.081038 9
1583718175.081078 9
1583718175.081102 9
1583718175.685160 28
1583718175.685247 10
1583718175.685471 10
1583718175.907072 27
1583718175.907121 27
1583718175.907442 9
1583718175.907475 9
1583718175.907503 9
1583718175.907537 9
1583718176.591035 27
1583718176.591122 9
1583718176.591411 9
1583718177.006078 28
1583718177.006110 28
1583718177.006456 10
1583718177.006477 10
1583718177.006505 10
1583718177.006543 10
1583718177.437223 29
1583718177.437317 10
1583718177.437556 10
1583718177.674562 28
1583718177.674659 10
1583718177.674927 10
1583718177.877489 28
1583718177.877578 10
1583718177.878463 10
1583718180.427716 29
1583718180.427789 10
1583718180.427976 10
1583718181.219092 28
1583718181.219165 10
1583718181.219420 10
1583718181.874105 28
1583718181.874178 10
1583718181.874391 10
1583718182.596266 29
1583718182.596368 10
1583718182.596535 10
1583718184.213991 28
1583718184.214065 10
1583718184.214262 10
1583718184.990725 29
1583718184.990800 10
1583718184.991035 10
1583718185.187386 28
1583718185.187459 10
1583718185.187706 10
1583718185.614464 28
1583718185.614556 10
1583718185.615057 10
1583718185.633928 28
1583718185.633967 28
1583718185.634225 10
1583718185.634243 10
1583718185.634264 10
1583718185.634292 10
1583718185.782464 28
1583718185.782557 10
1583718185.782789 10
1583718186.015554 23
1583718186.015644 10
1583718186.015900 10
1583718186.164924 23
1583718186.164952 23
1583718186.165292 10
1583718186.165311 10
1583718186.165339 10
1583718186.165361 10
1583718186.382437 28
1583718186.382485 28
1583718186.382809 10
1583718186.382830 10
1583718186.382861 10
1583718186.382884 10
1583718187.045484 28
1583718187.045586 10
1583718187.045808 10
1583718187.265383 28
1583718187.265461 10
1583718187.265661 10
1583718188.111448 28
1583718188.111557 28
1583718188.111869 10
1583718188.111890 10
1583718188.111933 10
1583718188.111952 10
1583718188.843522 23
1583718188.843612 10
1583718188.843855 10
1583718189.401948 28
1583718189.402031 10
1583718189.402315 10
1583718189.841662 23
1583718189.841740 10
1583718189.841964 10
1583718189.997158 23
1583718189.997233 10
1583718189.997695 10
1583718190.717586 29
1583718190.717667 10
1583718190.717857 10
1583718190.744418 28
1583718190.744471 10
1583718190.744676 10
1583718191.162376 22
1583718191.162453 10
1583718191.162684 10
1583718191.740409 28
1583718191.740485 10
1583718191.740667 10
1583718192.313406 23
1583718192.313506 10
1583718192.313729 10
1583718192.346789 29
1583718192.346831 29
1583718192.347146 10
1583718192.347207 10
1583718192.347245 10
1583718192.347270 10
1583718192.845540 23
1583718192.845575 23
1583718192.845885 10
1583718192.845919 10
1583718192.845950 10
1583718192.845973 10
1583718193.168135 28
1583718193.168221 10
1583718193.168432 10
1583718193.359400 22
1583718193.359484 10
1583718193.359725 10
1583718193.379565 28
1583718193.379613 10
1583718193.379830 10
1583718193.420084 28
1583718193.420145 10
1583718193.420348 10
1583718193.995709 28
1583718193.995785 10
1583718193.996757 10
1583718198.227888 29
1583718198.227963 10
1583718198.228133 10
1583718198.836501 28
1583718198.836594 10
1583718198.836825 10
1583718199.086434 28
1583718199.086524 10
1583718199.086872 10
1583718199.668911 28
1583718199.668971 28
1583718199.669261 10
1583718199.669398 10
1583718199.669437 10
1583718199.669459 10
1583718200.259669 28
1583718200.259771 10
1583718200.260021 10
1583718200.387185 29
1583718200.387263 10
1583718200.387468 10
1583718200.441097 28
1583718200.441171 10
1583718200.441458 10
1583718200.536621 28
1583718200.536700 10
1583718200.536866 10
1583718201.828756 29
1583718201.828856 10
1583718201.829117 10
1583718203.013812 28
1583718203.013890 10
1583718203.014058 10
1583718203.724536 23
1583718203.724613 10
1583718203.724854 10
1583718205.523336 28
1583718205.523405 10
1583718205.523606 10
1583718205.867996 28
1583718205.868134 10
1583718205.868307 10
1583718206.495580 28
1583718206.495641 28
1583718206.495975 10
1583718206.495997 10
1583718206.496026 10
1583718206.496073 10
1583718207.299124 28
1583718207.299209 10
1583718207.300214 10
1583718208.327752 23
1583718208.327787 23
1583718208.328150 10
1583718208.328171 10
1583718208.328200 10
1583718208.328223 10
1583718208.713576 28
1583718208.713626 28
1583718208.713970 10
1583718208.713991 10
1583718208.714021 10
1583718208.714039 10
1583718209.827497 29
1583718209.827542 29
1583718209.827823 10
1583718209.827886 10
1583718209.827925 10
1583718209.827950 10
1583718210.236245 29
1583718210.236337 10
1583718210.236634 10
1583718210.857542 28
1583718210.857610 10
1583718210.857821 10
1583718211.708607 29
1583718211.708637 29
1583718211.708969 10
1583718211.709033 10
1583718211.709064 10
1583718211.709087 10
1583718212.303840 28
1583718212.303929 10
1583718212.304149 10
1583718213.018559 29
1583718213.018662 10
1583718213.018857 10
1583718213.394569 28
1583718213.394659 10
1583718213.394886 10
1583718214.391160 29
1583718214.391194 29
1583718214.391541 10
1583718214.391676 10
1583718214.391708 10
1583718214.391731 10
1583718215.193405 28
1583718215.193502 10
1583718215.194417 10
1583718215.748678 23
1583718215.748713 23
1583718215.749093 10
1583718215.749114 10
1583718215.749144 10
1583718215.749169 10
1583718216.381600 23
1583718216.381696 10
1583718216.381957 10
1583718217.144727 29
1583718217.144775 29
1583718217.145289 10
1583718217.145310 10
1583718217.145339 10
1583718217.145361 10
1583718217.920461 28
1583718217.920491 28
1583718217.920775 10
1583718217.920845 10
1583718217.920884 10
1583718217.920910 10
1583718218.743442 28
1583718218.743541 10
1583718218.743866 10
1583718220.643609 29
1583718220.643700 11
1583718220.643953 11
1583718220.994015 29
1583718220.994103 11
1583718220.994301 11
1583718221.784704 30
1583718221.784775 11
1583718221.785023 11
1583718222.341132 30
1583718222.341180 30
1583718222.341558 11
1583718222.341580 11
1583718222.341607 11
1583718222.341630 11
1583718224.103432 30
1583718224.103545 11
1583718224.103776 11
1583718224.819790 30
1583718224.819823 30
1583718224.820173 11
1583718224.820195 11
1583718224.820223 11
1583718224.820246 11
1583718225.543463 29
1583718225.543566 11
1583718225.543813 11
1583718225.994412 24
1583718225.994504 11
1583718225.994713 11
1583718226.031067 29
1583718226.031143 11
1583718226.031383 11
1583718227.471575 29
1583718227.471643 11
1583718227.471886 11
1583718227.697659 29
1583718227.697689 29
1583718227.698091 11
1583718227.698115 11
1583718227.698145 11
1583718227.698169 11
1583718228.903673 29
1583718228.903752 11
1583718228.904021 11
1583718230.025068 29
1583718230.025113 29
1583718230.025732 11
1583718230.025752 11
1583718230.025780 11
1583718230.025803 11
1583718230.156418 30
1583718230.156537 11
1583718230.156825 11
1583718232.046044 30
1583718232.046083 30
1583718232.046420 11
1583718232.046440 11
1583718232.046468 11
1583718232.046492 11
1583718232.354836 29
1583718232.354929 11
1583718232.355135 11
1583718232.846788 30
1583718232.846874 11
1583718232.847136 11
1583718232.878975 29
1583718232.879054 11
1583718232.879295 11
1583718233.266950 29
1583718233.267028 11
1583718233.267350 11
1583718234.594643 29
1583718234.594726 11
1583718234.594996 11
1583718235.469432 29
1583718235.469481 29
1583718235.469870 11
1583718235.469893 11
1583718235.469915 11
1583718235.469932 11
1583718235.681475 29
1583718235.681535 29
1583718235.681913 11
1583718235.681935 11
1583718235.681965 11
1583718235.681988 11
1583718236.237050 29
1583718236.237102 29
1583718236.237456 11
1583718236.237818 11
1583718236.237857 11
1583718236.237881 11
1583718237.074302 30
1583718237.074390 11
1583718237.074684 11
1583718237.739253 30
1583718237.739329 11
1583718237.739559 11
1583718237.873009 29
1583718237.873101 11
1583718237.873257 11
1583718238.770339 29
1583718238.770429 11
1583718238.770682 11
1583718239.573464 30
1583718239.573552 11
1583718239.573745 11
1583718239.575777 29
1583718239.575812 11
1583718239.576016 11
1583718240.564069 29
1583718240.564155 11
1583718240.564326 11
1583718240.713835 30
1583718240.713871 30
1583718240.714149 11
1583718240.714199 11
1583718240.714227 11
1583718240.714251 11
1583718240.864898 30
1583718240.865048 11
1583718240.865272 11
1583718241.015775 29
1583718241.015848 11
1583718241.016019 11
1583718241.192500 24
1583718241.192598 11
1583718241.192863 11
1583718241.635030 29
1583718241.635104 11
1583718241.635326 11
1583718243.345506 29
1583718243.345591 11
1583718243.345810 11
1583718243.956183 29
1583718243.956236 29
1583718243.956608 11
1583718243.956633 11
1583718243.956661 11
1583718243.956682 11
1583718244.154010 30
1583718244.154043 30
1583718244.154313 11
1583718244.154374 11
1583718244.154412 11
1583718244.154437 11
1583718244.674075 29
1583718244.674162 11
1583718244.674426 11
1583718244.767019 30
1583718244.767061 30
1583718244.767407 11
1583718244.767426 11
1583718244.767454 11
1583718244.767477 11
1583718244.767769 29
1583718244.767802 11
1583718244.768076 11
1583718245.128257 29
1583718245.128308 29
1583718245.128621 11
1583718245.128648 11
1583718245.128677 11
1583718245.128700 11
1583718245.382550 29
1583718245.382656 11
1583718245.382901 11
1583718245.888782 29
1583718245.888818 29
1583718245.889138 11
1583718245.889204 11
1583718245.889238 11
1583718245.889268 11
1583718246.386472 29
1583718246.386506 29
1583718246.386773 11
1583718246.386847 11
1583718246.386897 11
1583718246.386930 11
1583718247.314591 30
1583718247.314679 11
1583718247.314937 11
1583718248.881658 29
1583718248.881699 29
1583718248.882063 11
1583718248.882085 11
1583718248.882113 11
1583718248.882137 11
1583718249.632467 29
1583718249.632566 11
1583718249.632862 11
1583718250.170794 24
1583718250.170882 11
1583718250.171145 11
1583718250.832830 30
1583718250.832909 11
1583718250.833122 11
1583718251.843905 29
1583718251.843985 11
1583718251.844190 11
1583718253.311009 24
1583718253.311088 11
1583718253.311287 11
1583718253.776869 30
1583718253.776918 30
1583718253.777312 11
1583718253.777333 11
1583718253.777361 11
1583718253.777384 11
1583718255.222497 30
1583718255.222580 30
1583718255.222796 11
1583718255.222915 11
1583718255.222966 11
1583718255.223008 11
1583718255.491349 30
1583718255.491437 11
1583718255.491659 11
1583718255.627640 24
1583718255.627674 24
1583718255.627976 11
1583718255.627996 11
1583718255.628024 11
1583718255.628047 11
1583718256.091456 30
1583718256.091573 11
1583718256.091798 11
1583718256.358392 30
1583718256.358469 11
1583718256.358683 11
1583718256.683955 30
1583718256.684032 11
1583718256.684247 11
1583718257.062431 30
1583718257.062524 11
1583718257.062697 11
1583718257.665976 29
1583718257.666067 11
1583718257.666353 11
1583718258.099916 29
1583718258.099964 29
1583718258.100306 11
1583718258.100326 11
1583718258.100348 11
1583718258.100377 11
1583718258.782320 29
1583718258.782406 11
1583718258.782668 11
1583718259.390914 29
1583718259.390958 29
1583718259.391301 11
1583718259.391454 11
1583718259.391490 11
1583718259.391521 11
