1583718158.449608 21
1583718158.449644 21
1583718158.450233 21
1583718158.450285 8
1583718158.450295 8
1583718158.450312 21
1583718158.450342 8
1583718158.450350 8
1583718158.450381 8
1583718158.450403 8
1583718158.450460 8
1583718158.450505 8
1583718158.553043 21
1583718158.553090 21
1583718158.553615 8
1583718158.553644 8
1583718158.553676 8
1583718158.553700 8
1583718158.662330 27
1583718158.662363 27
1583718158.662713 8
1583718158.663098 8
1583718158.663131 8
1583718158.663154 8
1583718159.545895 26
1583718159.545995 8
1583718159.546427 8
1583718159.641979 21
1583718159.642021 21
1583718159.642390 8
1583718159.642412 8
1583718159.642442 8
1583718159.642465 8
1583718159.700173 27
1583718159.700210 27
1583718159.700493 8
1583718159.700528 8
1583718159.700570 8
1583718159.700600 8
1583718159.777357 26
1583718159.777483 8
1583718159.777750 8
1583718160.094667 27
1583718160.094748 9
1583718160.094930 9
1583718161.658820 28
1583718161.658854 28
1583718161.659278 9
1583718161.659304 9
1583718161.659365 9
1583718161.659418 9
1583718161.675507 27
1583718161.675559 27
1583718161.675918 9
1583718161.675937 9
1583718161.675970 9
1583718161.675995 9
1583718161.783106 27
1583718161.783154 27
1583718161.783499 9
1583718161.783524 9
1583718161.783564 9
1583718161.783602 9
1583718162.327102 28
1583718162.327192 9
1583718162.327483 9
1583718162.370874 22
1583718162.370949 9
1583718162.371141 9
1583718162.951440 22
1583718162.951540 9
1583718162.953283 9
1583718164.131915 27
1583718164.131949 27
1583718164.132307 9
1583718164.132329 9
1583718164.132358 9
1583718164.132382 9
1583718165.013309 27
1583718165.013406 9
1583718165.013622 9
1583718165.241210 27
1583718165.241295 9
1583718165.241564 9
1583718167.675607 28
1583718167.675655 28
1583718167.676044 9
1583718167.676064 9
1583718167.676093 9
1583718167.676116 9
1583718168.262804 22
1583718168.262896 9
1583718168.263127 9
1583718169.442531 27
1583718169.442622 9
1583718169.442891 9
1583718170.463906 29
1583718170.463940 29
1583718170.464319 10
1583718170.464341 10
1583718170.464372 10
1583718170.464396 10
1583718171.460365 27
1583718171.460451 9
1583718171.460678 9
1583718171.562017 22
1583718171.562098 9
1583718171.562438 9
1583718173.043244 22
1583718173.043321 9
1583718173.043544 9
1583718173.778002 21
1583718173.778079 9
1583718173.778286 9
1583718175.031661 28
1583718175.031739 9
1583718175.031955 9
1583718175.080853 27
1583718175.080923 9
1583718175.081140 9
1583718175.684926 28
1583718175.684974 28
1583718175.685344 10
1583718175.685367 10
1583718175.685395 10
1583718175.685419 10
1583718175.907260 27
1583718175.907346 9
1583718175.907566 9
1583718176.591030 27
1583718176.591168 9
1583718176.591386 9
1583718177.006324 28
1583718177.006393 10
1583718177.006577 10
1583718177.437266 29
1583718177.437340 10
1583718177.437565 10
1583718177.674394 28
1583718177.674428 28
1583718177.674803 10
1583718177.674824 10
1583718177.674862 10
1583718177.674886 10
1583718177.877406 28
1583718177.877495 10
1583718177.878434 10
1583718180.427508 29
1583718180.427544 29
1583718180.427842 10
1583718180.427866 10
1583718180.427905 10
1583718180.427930 10
1583718181.218865 28
1583718181.218911 28
1583718181.219249 10
1583718181.219271 10
1583718181.219302 10
1583718181.219325 10
1583718181.874046 28
1583718181.874148 10
1583718181.874381 10
1583718182.596022 29
1583718182.596050 29
1583718182.596412 10
1583718182.596435 10
1583718182.596464 10
1583718182.596488 10
1583718184.213802 28
1583718184.213846 28
1583718184.214145 10
1583718184.214167 10
1583718184.214197 10
1583718184.214221 10
1583718184.990485 29
1583718184.990665 29
1583718184.990912 10
1583718184.990933 10
1583718184.990965 10
1583718184.990989 10
1583718185.187171 28
1583718185.187210 28
1583718185.187577 10
1583718185.187603 10
1583718185.187634 10
1583718185.187659 10
1583718185.614427 28
1583718185.614508 10
1583718185.614755 10
1583718185.634081 28
1583718185.634142 10
1583718185.634333 10
1583718185.782284 28
1583718185.782318 28
1583718185.782677 10
1583718185.782699 10
1583718185.782728 10
1583718185.782751 10
1583718186.015522 23
1583718186.015654 10
1583718186.015898 10
1583718186.165081 23
1583718186.165160 10
1583718186.165404 10
1583718186.382664 28
1583718186.382734 10
1583718186.382940 10
1583718187.045477 28
1583718187.045564 10
1583718187.045842 10
1583718187.265366 28
1583718187.265441 10
1583718187.265660 10
1583718188.111707 28
1583718188.111785 10
1583718188.112008 10
1583718188.843561 23
1583718188.843637 10
1583718188.843854 10
1583718189.401731 28
1583718189.401770 28
1583718189.402197 10
1583718189.402219 10
1583718189.402243 10
1583718189.402274 10
1583718189.841446 23
1583718189.841493 23
1583718189.841822 10
1583718189.841866 10
1583718189.841892 10
1583718189.841925 10
1583718189.996703 23
1583718189.996787 10
1583718189.997677 10
1583718190.717573 29
1583718190.717652 10
1583718190.717858 10
1583718190.744413 28
1583718190.744478 10
1583718190.744687 10
1583718191.162153 22
1583718191.162198 22
1583718191.162543 10
1583718191.162580 10
1583718191.162611 10
1583718191.162635 10
1583718191.740319 28
1583718191.740407 10
1583718191.740655 10
1583718192.313373 23
1583718192.313449 10
1583718192.313648 10
1583718192.346984 29
1583718192.347057 10
1583718192.347308 10
1583718192.845743 23
1583718192.845820 10
1583718192.846018 10
1583718193.167875 28
1583718193.167979 28
1583718193.168260 10
1583718193.168332 10
1583718193.168371 10
1583718193.168398 10
1583718193.359375 22
1583718193.359462 10
1583718193.359709 10
1583718193.379411 28
1583718193.379438 28
1583718193.379682 10
1583718193.379700 10
1583718193.379730 10
1583718193.379755 10
1583718193.419951 28
1583718193.419988 28
1583718193.420233 10
1583718193.420251 10
1583718193.420281 10
1583718193.420305 10
1583718193.995302 28
1583718193.995332 28
1583718193.995625 10
1583718193.995845 10
1583718193.995880 10
1583718193.995905 10
1583718198.227798 29
1583718198.227911 10
1583718198.228116 10
1583718198.836458 28
1583718198.836570 10
1583718198.836813 10
1583718199.086393 28
1583718199.086506 10
1583718199.086849 10
1583718199.669079 28
1583718199.669201 10
1583718199.669513 10
1583718200.259495 28
1583718200.259529 28
1583718200.259855 10
1583718200.259879 10
1583718200.259909 10
1583718200.259932 10
1583718200.386997 29
1583718200.387032 29
1583718200.387350 10
1583718200.387370 10
1583718200.387400 10
1583718200.387419 10
1583718200.440925 28
1583718200.440967 28
1583718200.441247 10
1583718200.441354 10
1583718200.441389 10
1583718200.441415 10
1583718200.536405 28
1583718200.536440 28
1583718200.536721 10
1583718200.536762 10
1583718200.536794 10
1583718200.536818 10
1583718201.828752 29
1583718201.828862 10
1583718201.829092 10
1583718203.013637 28
1583718203.013678 28
1583718203.013942 10
1583718203.013965 10
1583718203.013994 10
1583718203.014018 10
1583718203.724474 23
1583718203.724597 10
1583718203.724842 10
1583718205.523097 28
1583718205.523138 28
1583718205.523407 10
1583718205.523498 10
1583718205.523525 10
1583718205.523563 10
1583718205.867892 28
1583718205.867994 10
1583718205.868293 10
1583718206.495767 28
1583718206.495865 10
1583718206.496170 10
1583718207.299135 28
1583718207.299214 10
1583718207.300212 10
1583718208.328041 23
1583718208.328119 10
1583718208.328264 10
1583718208.713818 28
1583718208.713903 10
1583718208.714096 10
1583718209.827686 29
1583718209.827804 10
1583718209.827991 10
1583718210.236283 29
1583718210.236363 10
1583718210.236626 10
1583718210.857502 28
1583718210.857593 10
1583718210.857814 10
1583718211.708839 29
1583718211.708920 10
1583718211.709136 10
1583718212.303854 28
1583718212.303932 10
1583718212.304147 10
1583718213.018359 29
1583718213.018394 29
1583718213.018711 10
1583718213.018766 10
1583718213.018795 10
1583718213.018819 10
1583718213.394511 28
1583718213.394610 10
1583718213.394838 10
1583718214.391297 29
1583718214.391386 10
1583718214.391774 10
1583718215.193432 28
1583718215.193513 10
1583718215.193732 10
1583718215.748851 23
1583718215.748927 10
1583718215.749223 10
1583718216.381402 23
1583718216.381445 23
1583718216.381840 10
1583718216.381864 10
1583718216.381893 10
1583718216.381917 10
1583718217.144924 29
1583718217.145029 10
1583718217.145411 10
1583718217.920653 28
1583718217.920730 10
1583718217.920957 10
1583718218.743470 28
1583718218.743586 10
1583718218.743853 10
1583718220.643418 29
1583718220.643461 29
1583718220.643838 11
1583718220.643860 11
1583718220.643888 11
1583718220.643907 11
1583718220.993790 29
1583718220.993824 29
1583718220.994162 11
1583718220.994185 11
1583718220.994214 11
1583718220.994238 11
1583718221.784452 30
1583718221.784576 30
1583718221.784820 11
1583718221.784898 11
1583718221.784942 11
1583718221.784979 11
1583718222.341406 30
1583718222.341495 11
1583718222.341699 11
1583718224.103183 30
1583718224.103230 30
1583718224.103561 11
1583718224.103683 11
1583718224.103710 11
1583718224.103736 11
1583718224.820006 30
1583718224.820105 11
1583718224.820290 11
1583718225.543447 29
1583718225.543537 11
1583718225.543804 11
1583718225.994206 24
1583718225.994241 24
1583718225.994571 11
1583718225.994621 11
1583718225.994650 11
1583718225.994673 11
1583718226.031019 29
1583718226.031119 11
1583718226.031373 11
1583718227.471582 29
1583718227.471664 11
1583718227.471876 11
1583718227.697814 29
1583718227.697907 11
1583718227.698232 11
1583718228.903489 29
1583718228.903524 29
1583718228.903907 11
1583718228.903929 11
1583718228.903952 11
1583718228.903976 11
1583718230.025228 29
1583718230.025319 11
1583718230.025849 11
1583718230.156227 30
1583718230.156269 30
1583718230.156691 11
1583718230.156718 11
1583718230.156749 11
1583718230.156774 11
1583718232.046236 30
1583718232.046346 11
1583718232.046571 11
1583718232.354782 29
1583718232.354876 11
1583718232.355134 11
1583718232.846657 30
1583718232.846692 30
1583718232.847028 11
1583718232.847048 11
1583718232.847077 11
1583718232.847101 11
1583718232.878937 29
1583718232.879028 11
1583718232.879274 11
1583718233.267038 29
1583718233.267117 11
1583718233.267344 11
1583718234.594643 29
1583718234.594716 11
1583718234.594988 11
1583718235.469679 29
1583718235.469778 11
1583718235.469996 11
1583718235.681780 29
1583718235.681859 11
1583718235.682038 11
1583718236.237671 29
1583718236.237786 11
1583718236.237941 11
1583718237.074160 30
1583718237.074194 30
1583718237.074528 11
1583718237.074561 11
1583718237.074595 11
1583718237.074618 11
1583718237.739057 30
1583718237.739091 30
1583718237.739397 11
1583718237.739420 11
1583718237.739451 11
1583718237.739471 11
1583718237.872760 29
1583718237.872780 29
1583718237.873109 11
1583718237.873144 11
1583718237.873171 11
1583718237.873196 11
1583718238.770325 29
1583718238.770419 11
1583718238.770674 11
1583718239.573470 30
1583718239.573572 11
1583718239.573747 11
1583718239.575756 29
1583718239.575794 11
1583718239.576006 11
1583718240.564011 29
1583718240.564090 11
1583718240.564327 11
1583718240.713970 30
1583718240.714047 11
1583718240.714294 11
1583718240.864702 30
1583718240.864748 30
1583718240.865149 11
1583718240.865170 11
1583718240.865193 11
1583718240.865205 11
1583718241.015524 29
1583718241.015565 29
1583718241.015855 11
1583718241.015905 11
1583718241.015932 11
1583718241.015964 11
1583718241.192476 24
1583718241.192584 11
1583718241.192844 11
1583718241.634987 29
1583718241.635065 11
1583718241.635288 11
1583718243.345514 29
1583718243.345642 11
1583718243.345804 11
1583718243.956370 29
1583718243.956464 11
1583718243.956727 11
1583718244.154186 30
1583718244.154264 11
1583718244.154490 11
1583718244.673893 29
1583718244.673927 29
1583718244.674316 11
1583718244.674337 11
1583718244.674366 11
1583718244.674390 11
1583718244.767210 30
1583718244.767303 11
1583718244.767519 11
1583718244.767853 29
1583718244.767887 11
1583718244.768065 11
1583718245.128463 29
1583718245.128572 11
1583718245.128776 11
1583718245.382342 29
1583718245.382384 29
1583718245.382769 11
1583718245.382801 11
1583718245.382839 11
1583718245.382862 11
1583718245.888950 29
1583718245.889043 11
1583718245.889302 11
1583718246.386650 29
1583718246.386728 11
1583718246.386969 11
1583718247.314387 30
1583718247.314435 30
1583718247.314810 11
1583718247.314837 11
1583718247.314874 11
1583718247.314893 11
1583718248.881854 29
1583718248.881962 11
1583718248.882182 11
1583718249.632257 29
1583718249.632301 29
1583718249.632729 11
1583718249.632767 11
1583718249.632797 11
1583718249.632822 11
1583718250.170746 24
1583718250.170854 11
1583718250.171116 11
1583718250.832608 30
1583718250.832710 30
1583718250.833002 11
1583718250.833024 11
1583718250.833053 11
1583718250.833077 11
1583718251.843847 29
1583718251.843941 11
1583718251.844175 11
1583718253.310774 24
1583718253.310836 24
1583718253.311139 11
1583718253.311164 11
1583718253.311209 11
1583718253.311240 11
1583718253.777058 30
1583718253.777153 11
1583718253.777428 11
1583718255.222655 30
1583718255.222725 11
1583718255.223034 11
1583718255.491140 30
1583718255.491183 30
1583718255.491497 11
1583718255.491545 11
1583718255.491593 11
1583718255.491617 11
1583718255.627805 24
1583718255.627900 11
1583718255.628088 11
1583718256.091419 30
1583718256.091510 11
1583718256.091789 11
1583718256.358413 30
1583718256.358490 11
1583718256.358688 11
1583718256.683972 30
1583718256.684110 11
1583718256.684250 11
1583718257.062352 30
1583718257.062429 11
1583718257.062676 11
1583718257.665667 29
1583718257.665715 29
1583718257.666227 11
1583718257.666254 11
1583718257.666285 11
1583718257.666310 11
1583718258.100109 29
1583718258.100190 11
1583718258.100424 11
1583718258.782155 29
1583718258.782189 29
1583718258.782546 11
1583718258.782577 11
1583718258.782606 11
1583718258.782624 11
1583718259.391106 29
1583718259.391191 11
1583718259.391570 11
1583718259.456584 0
1583718259.456623 0
