1583724907.630864 21
1583724907.631021 8
1583724907.631110 21
1583724907.631133 21
1583724907.631364 8
1583724907.631385 8
1583724907.631406 21
1583724907.631445 8
1583724907.631454 8
1583724907.631480 8
1583724907.631504 8
1583724907.631641 8
1583724909.215091 21
1583724909.215218 8
1583724909.215437 8
1583724909.806017 21
1583724909.806100 8
1583724909.806396 8
1583724910.324681 27
1583724910.324733 27
1583724910.325295 8
1583724910.325355 8
1583724910.325385 8
1583724910.325410 8
1583724912.232865 21
1583724912.232961 8
1583724912.233227 8
1583724913.307019 21
1583724913.307094 8
1583724913.307373 8
1583724914.916495 21
1583724914.916608 8
1583724914.916820 8
1583724915.443271 22
1583724915.443346 9
1583724915.443563 9
1583724915.741222 28
1583724915.741305 9
1583724915.741555 9
1583724916.589570 28
1583724916.589650 9
1583724916.589881 9
1583724916.695558 27
1583724916.695638 9
1583724916.695869 9
1583724916.720021 28
1583724916.720097 9
1583724916.720449 9
1583724916.939048 27
1583724916.939133 9
1583724916.939330 9
1583724917.133634 22
1583724917.133685 22
1583724917.134033 9
1583724917.134086 9
1583724917.134116 9
1583724917.134141 9
1583724917.150662 27
1583724917.150736 9
1583724917.150926 9
1583724917.213614 27
1583724917.213697 9
1583724917.213968 9
1583724917.297108 28
1583724917.297197 10
1583724917.297402 10
1583724918.118129 22
1583724918.118183 22
1583724918.118563 9
1583724918.118590 9
1583724918.118620 9
1583724918.118645 9
1583724918.167568 22
1583724918.167645 9
1583724918.167962 9
1583724919.658095 28
1583724919.658245 10
1583724919.658483 10
1583724920.152656 22
1583724920.152736 9
1583724920.152926 9
1583724920.356546 22
1583724920.356584 22
1583724920.356879 9
1583724920.356932 9
1583724920.356962 9
1583724920.356986 9
1583724920.470212 27
1583724920.470257 27
1583724920.470635 9
1583724920.470763 9
1583724920.470809 9
1583724920.470836 9
1583724920.897064 22
1583724920.897146 9
1583724920.897359 9
1583724920.988701 23
1583724920.988801 10
1583724920.989085 10
1583724921.084446 22
1583724921.084543 9
1583724921.084747 9
1583724921.858860 27
1583724921.858935 9
1583724921.859107 9
1583724921.982416 23
1583724921.982503 10
1583724921.982733 10
1583724923.812399 29
1583724923.812480 10
1583724923.812658 10
1583724925.073192 29
1583724925.073275 10
1583724925.073469 10
1583724925.813695 29
1583724925.813793 10
1583724925.813997 10
1583724926.395095 28
1583724926.395230 10
1583724926.395467 10
1583724927.737929 27
1583724927.737982 27
1583724927.738365 9
1583724927.738436 9
1583724927.738472 9
1583724927.738487 9
1583724929.786788 28
1583724929.786882 10
1583724929.787097 10
1583724931.208859 28
1583724931.208948 10
1583724931.209211 10
1583724932.622557 29
1583724932.622637 10
1583724932.622847 10
1583724933.077084 28
1583724933.077164 10
1583724933.077348 10
1583724934.606040 23
1583724934.606122 10
1583724934.606313 10
1583724934.913639 24
1583724934.913722 10
1583724934.913956 10
1583724935.325763 27
1583724935.325802 27
1583724935.326246 9
1583724935.326268 9
1583724935.326299 9
1583724935.326324 9
1583724935.329199 28
1583724935.329234 28
1583724935.329425 9
1583724935.329442 9
1583724935.329479 9
1583724935.329516 9
1583724937.216729 27
1583724937.216768 27
1583724937.217052 9
1583724937.217147 9
1583724937.217184 9
1583724937.217209 9
1583724937.448676 28
1583724937.448778 10
1583724937.449078 10
1583724938.215284 29
1583724938.215337 29
1583724938.215611 10
1583724938.215647 10
1583724938.215688 10
1583724938.215709 10
1583724938.331242 29
1583724938.331332 10
1583724938.331594 10
1583724938.930098 23
1583724938.930151 23
1583724938.930487 10
1583724938.930779 10
1583724938.930808 10
1583724938.930847 10
1583724939.065890 28
1583724939.065929 28
1583724939.066178 10
1583724939.066270 10
1583724939.066308 10
1583724939.066334 10
1583724939.114002 29
1583724939.114068 10
1583724939.114299 10
1583724939.241560 28
1583724939.241606 28
1583724939.241881 10
1583724939.241921 10
1583724939.241953 10
1583724939.241978 10
1583724939.321597 23
1583724939.321702 10
1583724939.321927 10
1583724940.966860 28
1583724940.966972 10
1583724940.967191 10
1583724941.831223 28
1583724941.831278 28
1583724941.831702 10
1583724941.831725 10
1583724941.831757 10
1583724941.831777 10
1583724943.006193 30
1583724943.006301 10
1583724943.006493 10
1583724943.612788 23
1583724943.612881 10
1583724943.613043 10
1583724943.768615 28
1583724943.768667 28
1583724943.769000 10
1583724943.769127 10
1583724943.769190 10
1583724943.769224 10
1583724944.721287 29
1583724944.721355 29
1583724944.721622 10
1583724944.721668 10
1583724944.721697 10
1583724944.721725 10
1583724945.419300 28
1583724945.419337 28
1583724945.419660 10
1583724945.419701 10
1583724945.419735 10
1583724945.419760 10
1583724945.495203 29
1583724945.495291 10
1583724945.495563 10
1583724945.794533 28
1583724945.794566 28
1583724945.794876 10
1583724945.794938 10
1583724945.794979 10
1583724945.795007 10
1583724945.813392 28
1583724945.813447 10
1583724945.813673 10
1583724946.390234 29
1583724946.390316 10
1583724946.390518 10
1583724946.631021 23
1583724946.631113 10
1583724946.631306 10
1583724948.738048 29
1583724948.738140 10
1583724948.738433 10
1583724948.885955 28
1583724948.886045 10
1583724948.886261 10
1583724949.127231 29
1583724949.127269 29
1583724949.127644 10
1583724949.127668 10
1583724949.127702 10
1583724949.127728 10
1583724949.635567 23
1583724949.635659 10
1583724949.635913 10
1583724951.523855 28
1583724951.523887 28
1583724951.524198 10
1583724951.524305 10
1583724951.524339 10
1583724951.524364 10
1583724952.683637 28
1583724952.683727 10
1583724952.683970 10
1583724953.652098 23
1583724953.652194 10
1583724953.652411 10
1583724954.790288 28
1583724954.790334 28
1583724954.790728 10
1583724954.790757 10
1583724954.790782 10
1583724954.790808 10
1583724955.051662 28
1583724955.051757 10
1583724955.052003 10
1583724958.191503 29
1583724958.191602 10
1583724958.191796 10
1583724958.577127 28
1583724958.577172 28
1583724958.577520 10
1583724958.577572 10
1583724958.577606 10
1583724958.577639 10
1583724958.913551 28
1583724958.913656 10
1583724958.913918 10
1583724958.988447 28
1583724958.988541 10
1583724958.988863 10
1583724960.562229 29
1583724960.562281 29
1583724960.562648 10
1583724960.562674 10
1583724960.562705 10
1583724960.562731 10
1583724961.654822 29
1583724961.654927 10
1583724961.655132 10
1583724965.351618 23
1583724965.351709 10
1583724965.351984 10
1583724965.368777 29
1583724965.368810 29
1583724965.369076 10
1583724965.369100 10
1583724965.369187 10
1583724965.369219 10
1583724966.571022 28
1583724966.571118 10
1583724966.571377 10
1583724966.666533 29
1583724966.666611 10
1583724966.666847 10
1583724967.695679 29
1583724967.695763 10
1583724967.695988 10
1583724968.764472 29
1583724968.764572 10
1583724968.764731 10
1583724969.193145 23
1583724969.193222 10
1583724969.193411 10
1583724969.448081 29
1583724969.448166 10
1583724969.449982 10
1583724970.460810 30
1583724970.460901 10
1583724970.461074 10
1583724970.664013 28
1583724970.664062 28
1583724970.664485 10
1583724970.664506 10
1583724970.664553 10
1583724970.664580 10
1583724971.057535 29
1583724971.057575 29
1583724971.058024 10
1583724971.058865 10
1583724971.058914 10
1583724971.058943 10
1583724971.256628 23
1583724971.256678 23
1583724971.257015 10
1583724971.257092 10
1583724971.257140 10
1583724971.257167 10
1583724971.720016 28
1583724971.720114 10
1583724971.720403 10
1583724973.145530 23
1583724973.145625 10
1583724973.145928 10
1583724974.087881 28
1583724974.087919 28
1583724974.088261 10
1583724974.088286 10
1583724974.088316 10
1583724974.088341 10
1583724976.981962 28
1583724976.982045 10
1583724976.982463 10
1583724977.275388 29
1583724977.275472 10
1583724977.275747 10
1583724977.514952 29
1583724977.515001 29
1583724977.515300 10
1583724977.515323 10
1583724977.515353 10
1583724977.515378 10
1583724978.134916 28
1583724978.134956 28
1583724978.135264 10
1583724978.135288 10
1583724978.135320 10
1583724978.135341 10
1583724979.190560 28
1583724979.190613 28
1583724979.190907 10
1583724979.191042 10
1583724979.191072 10
1583724979.191101 10
1583724979.385486 30
1583724979.385569 30
1583724979.385890 11
1583724979.385935 11
1583724979.385976 11
1583724979.386004 11
1583724981.568595 29
1583724981.568756 11
1583724981.568953 11
1583724981.982935 30
1583724981.983020 11
1583724981.983227 11
1583724982.356658 30
1583724982.356755 11
1583724982.357011 11
1583724982.560904 29
1583724982.560989 11
1583724982.561216 11
1583724983.391082 30
1583724983.391165 11
1583724983.391351 11
1583724983.653128 30
1583724983.653239 11
1583724983.653440 11
1583724984.284807 30
1583724984.284890 11
1583724984.285081 11
1583724985.701417 29
1583724985.701501 11
1583724985.701743 11
1583724987.071005 29
1583724987.071097 11
1583724987.071331 11
1583724987.090136 29
1583724987.090171 29
1583724987.090404 11
1583724987.090423 11
1583724987.090454 11
1583724987.090479 11
1583724987.125083 29
1583724987.125149 11
1583724987.125327 11
1583724987.692417 29
1583724987.692470 29
1583724987.692748 11
1583724987.692792 11
1583724987.692824 11
1583724987.692855 11
1583724988.166599 29
1583724988.166704 11
1583724988.166896 11
1583724988.172032 30
1583724988.172079 11
1583724988.172249 11
1583724988.788218 29
1583724988.788271 29
1583724988.788588 11
1583724988.788612 11
1583724988.788641 11
1583724988.788667 11
1583724989.398427 29
1583724989.398543 11
1583724989.398740 11
1583724989.749731 29
1583724989.749787 29
1583724989.750162 11
1583724989.750184 11
1583724989.750214 11
1583724989.750234 11
1583724990.334825 30
1583724990.334878 30
1583724990.335170 11
1583724990.335203 11
1583724990.335235 11
1583724990.335262 11
1583724990.632522 30
1583724990.632615 11
1583724990.632835 11
1583724991.624050 30
1583724991.624141 11
1583724991.624388 11
1583724993.602852 24
1583724993.602905 24
1583724993.603301 11
1583724993.603323 11
1583724993.603352 11
1583724993.603376 11
1583724993.801723 24
1583724993.801815 11
1583724993.802025 11
1583724994.187868 29
1583724994.187953 11
1583724994.188121 11
1583724994.188343 30
1583724994.188378 11
1583724994.188599 11
1583724994.716367 29
1583724994.716449 11
1583724994.716691 11
1583724994.936900 30
1583724994.936987 11
1583724994.937183 11
1583724995.059603 30
1583724995.059661 30
1583724995.060041 11
1583724995.060064 11
1583724995.060095 11
1583724995.060121 11
1583724995.366180 29
1583724995.366225 29
1583724995.366552 11
1583724995.366600 11
1583724995.366635 11
1583724995.366662 11
1583724997.252891 30
1583724997.252942 30
1583724997.253261 11
1583724997.253284 11
1583724997.253316 11
1583724997.253342 11
1583724998.601449 30
1583724998.601561 11
1583724998.601911 11
1583724998.807472 29
1583724998.807567 11
1583724998.807749 11
1583724999.834908 29
1583724999.835004 11
1583724999.835223 11
1583724999.928130 30
1583724999.928205 11
1583724999.928413 11
1583725000.460807 24
1583725000.460892 11
1583725000.461138 11
1583725000.572310 29
1583725000.572395 11
1583725000.572600 11
1583725001.034523 29
1583725001.034606 11
1583725001.034787 11
1583725001.342372 29
1583725001.342445 11
1583725001.342677 11
1583725002.193584 29
1583725002.193669 11
1583725002.194520 11
1583725003.373561 29
1583725003.373647 11
1583725003.373884 11
1583725003.545859 29
1583725003.545935 11
1583725003.546151 11
1583725005.025493 29
1583725005.025593 11
1583725005.025794 11
1583725005.783430 24
1583725005.783525 11
1583725005.783722 11
1583725006.073765 29
1583725006.073848 11
1583725006.074548 11
1583725006.214025 29
1583725006.214141 11
1583725006.214329 11
1583725006.443830 30
1583725006.443896 30
1583725006.444175 11
1583725006.444339 11
1583725006.444374 11
1583725006.444398 11
1583725006.582006 30
1583725006.582092 11
1583725006.582290 11
1583725006.824038 29
1583725006.824133 11
1583725006.824374 11
1583725007.358138 30
1583725007.358193 30
1583725007.358604 11
1583725007.358636 11
1583725007.358667 11
1583725007.358693 11
1583725007.575013 30
1583725007.575118 11
1583725007.575447 11
1583725007.833207 0
1583725010.035455 30
1583725010.035574 11
1583725010.035785 11
1583725010.441434 30
1583725010.441788 11
1583725010.441831 11
1583725012.323257 30
1583725012.323597 11
1583725012.323636 11
1583725013.061027 29
1583725013.061135 11
1583725013.061356 11
1583725013.585907 29
1583725013.585990 11
1583725013.586208 11
1583725015.540175 30
1583725015.540257 11
1583725015.540432 11
1583725015.734017 29
1583725015.734385 11
1583725015.734424 11
1583725015.737348 30
1583725015.737654 11
1583725015.737716 11
1583725015.805684 30
1583725015.805787 11
1583725015.806042 11
1583725017.326387 30
1583725017.326463 11
1583725017.326675 11
1583725018.907132 30
1583725018.907217 11
1583725018.907407 11
1583725020.286937 29
1583725020.287301 11
1583725020.287339 11
1583725020.861706 30
1583725020.861810 11
1583725020.862106 11
1583725024.155074 24
1583725024.155158 11
1583725024.155349 11
1583725025.442571 30
1583725025.442647 11
1583725025.442830 11
1583725025.866865 29
1583725025.867258 11
1583725025.867296 11
1583725026.217425 29
1583725026.217771 11
1583725026.217813 11
1583725027.781575 30
1583725027.782051 11
1583725027.782091 11
1583725027.860393 29
1583725027.860495 11
1583725027.860731 11
1583725028.912337 29
1583725028.912435 11
1583725028.912728 11
1583725029.166994 30
1583725029.167361 11
1583725029.167402 11
1583725029.823543 30
1583725029.823648 11
1583725029.823881 11
1583725029.981752 31
1583725029.981897 11
1583725029.982042 11
1583725030.974948 29
1583725030.975032 11
1583725030.975216 11
1583725031.070386 29
1583725031.070854 11
1583725031.070893 11
1583725031.725408 29
1583725031.725755 11
1583725031.725789 11
1583725032.472636 30
1583725032.472739 11
1583725032.472982 11
1583725032.509208 30
1583725032.509266 11
1583725032.509526 11
1583725032.710620 24
1583725032.710703 11
1583725032.710874 11
1583725034.253705 30
1583725034.254111 11
1583725034.254151 11
1583725035.052505 30
1583725035.052624 11
1583725035.052858 11
1583725035.661426 29
1583725035.661824 11
1583725035.661862 11
1583725035.741194 30
1583725035.741275 11
1583725035.741504 11
1583725037.006239 30
1583725037.006323 11
1583725037.006528 11
1583725039.218439 24
1583725039.218534 11
1583725039.218805 11
1583725039.420271 29
1583725039.420674 11
1583725039.420715 11
1583725039.979721 30
1583725039.980193 11
1583725039.980247 11
1583725042.866543 29
1583725042.866882 11
1583725042.866917 11
1583725042.977466 29
1583725042.977818 11
1583725042.977864 11
1583725043.654828 30
1583725043.655200 11
1583725043.655237 11
1583725044.115648 30
1583725044.115740 11
1583725044.115972 11
1583725045.556989 29
1583725045.557492 11
1583725045.557562 11
1583725047.133360 29
1583725047.133724 11
1583725047.133769 11
1583725047.525555 30
1583725047.525646 11
1583725047.525864 11
1583725048.205280 29
1583725048.205627 11
1583725048.205672 11
1583725050.894227 30
1583725050.894319 11
1583725050.894576 11
1583725051.209300 29
1583725051.209381 11
1583725051.209558 11
1583725051.426306 29
1583725051.426388 11
1583725051.426565 11
1583725054.125232 29
1583725054.125401 11
1583725054.125490 11
1583725054.639234 30
1583725054.639317 11
1583725054.639484 11
1583725054.666297 29
1583725054.666685 11
1583725054.666722 11
1583725056.585831 30
1583725056.585926 11
1583725056.586201 11
1583725056.594742 30
1583725056.594976 11
1583725056.595014 11
1583725057.572358 29
1583725057.572733 11
1583725057.572777 11
1583725058.380874 29
1583725058.381282 11
1583725058.381316 11
1583725058.629387 24
1583725058.629783 11
1583725058.629823 11
1583725058.907450 30
1583725058.907567 11
1583725058.907800 11
1583725059.112404 29
1583725059.112484 11
1583725059.112707 11
1583725059.945200 29
1583725059.945564 11
1583725059.945604 11
1583725060.641672 30
1583725060.641994 11
1583725060.642028 11
1583725062.480094 30
1583725062.480188 11
1583725062.480411 11
1583725063.226481 30
1583725063.226577 11
1583725063.226777 11
1583725063.704854 29
1583725063.705216 11
1583725063.705258 11
1583725064.031580 29
1583725064.031900 11
1583725064.031939 11
1583725066.873893 30
1583725066.874014 11
1583725066.874228 11
1583725067.764793 30
1583725067.765126 11
1583725067.765164 11
1583725068.095556 30
1583725068.095636 11
1583725068.095832 11
1583725068.783034 24
1583725068.783389 11
1583725068.783422 11
1583725069.166937 30
1583725069.167074 11
1583725069.167301 11
1583725069.431099 30
1583725069.431520 11
1583725069.431566 11
1583725070.181292 29
1583725070.181387 11
1583725070.182401 11
1583725070.329338 24
1583725070.329654 11
1583725070.329693 11
1583725070.598379 30
1583725070.598476 11
1583725070.598917 11
1583725070.882428 30
1583725070.882572 11
1583725070.882835 11
1583725071.024626 29
1583725071.025024 11
1583725071.025065 11
1583725071.981685 29
1583725071.982054 11
1583725071.982095 11
1583725072.653331 30
1583725072.653656 11
1583725072.653702 11
1583725073.302482 30
1583725073.302688 11
1583725073.302941 11
1583725074.118468 30
1583725074.118862 11
1583725074.118909 11
1583725074.922319 29
1583725074.922693 11
1583725074.922739 11
1583725076.633481 30
1583725076.633589 11
1583725076.633805 11
1583725077.470849 30
1583725077.470932 11
1583725077.471105 11
1583725077.611656 30
1583725077.611987 11
1583725077.612025 11
1583725082.061841 30
1583725082.061991 11
1583725082.062392 11
1583725083.707915 30
1583725083.708270 11
1583725083.708309 11
1583725084.799766 29
1583725084.800113 11
1583725084.800152 11
1583725087.366094 29
1583725087.366522 11
1583725087.366567 11
1583725088.653347 30
1583725088.653659 11
1583725088.653696 11
1583725088.903795 29
1583725088.904163 11
1583725088.904206 11
1583725088.913267 30
1583725088.913317 11
1583725088.913492 11
1583725089.607850 30
1583725089.608237 11
1583725089.608275 11
1583725090.925480 29
1583725090.926327 11
1583725090.926367 11
1583725092.199207 29
1583725092.199604 11
1583725092.199649 11
1583725092.363331 24
1583725092.363639 11
1583725092.363684 11
1583725092.489350 29
1583725092.489700 11
1583725092.489743 11
1583725093.910670 29
1583725093.911042 11
1583725093.911106 11
1583725094.003051 29
1583725094.003414 11
1583725094.003449 11
1583725094.993390 30
1583725094.993480 11
1583725094.993712 11
1583725095.411803 30
1583725095.411885 11
1583725095.412079 11
1583725096.335893 29
1583725096.336236 11
1583725096.336274 11
1583725096.653821 29
1583725096.654536 11
1583725096.654602 11
1583725096.781954 30
1583725096.782275 11
1583725096.782311 11
1583725096.815055 29
1583725096.815431 11
1583725096.815471 11
1583725100.789882 30
1583725100.789974 11
1583725100.790232 11
1583725100.804957 30
1583725100.805192 12
1583725100.805230 12
1583725101.213254 30
1583725101.213611 12
1583725101.213654 12
1583725101.740855 31
1583725101.741202 12
1583725101.741241 12
1583725102.112238 31
1583725102.112338 12
1583725102.112574 12
1583725102.697047 30
1583725102.697122 12
1583725102.697311 12
1583725102.837586 31
1583725102.837703 12
1583725102.837848 12
1583725102.982000 30
1583725102.982080 12
1583725102.982256 12
1583725103.338371 24
1583725103.338451 12
1583725103.338641 12
1583725103.435429 30
1583725103.435704 12
1583725103.435743 12
1583725104.407940 30
1583725104.408032 12
1583725104.408257 12
1583725104.555254 30
1583725104.555320 12
1583725104.555744 12
1583725106.332658 25
1583725106.333076 12
1583725106.333116 12
1583725107.619709 31
1583725107.619812 12
1583725107.620044 12
1583725109.147099 24
1583725109.147524 12
1583725109.147579 12
1583725109.807635 30
1583725109.807783 12
1583725109.807981 12
1583725111.439066 30
1583725111.439426 12
1583725111.439469 12
