1583724907.630054 21
1583724907.630128 21
1583724907.630462 21
1583724907.630523 8
1583724907.630535 8
1583724907.631146 8
1583724907.631215 8
1583724907.631242 8
1583724907.631253 21
1583724907.631281 8
1583724907.631569 8
1583724907.631604 8
1583724909.214886 21
1583724909.214919 21
1583724909.215304 8
1583724909.215331 8
1583724909.215363 8
1583724909.215389 8
1583724909.805721 21
1583724909.805803 21
1583724909.806034 8
1583724909.806200 8
1583724909.806303 8
1583724909.806338 8
1583724910.324893 27
1583724910.324997 8
1583724910.325477 8
1583724912.232594 21
1583724912.232628 21
1583724912.232938 8
1583724912.233078 8
1583724912.233113 8
1583724912.233138 8
1583724913.306753 21
1583724913.306799 21
1583724913.307145 8
1583724913.307234 8
1583724913.307279 8
1583724913.307316 8
1583724914.916426 21
1583724914.916537 8
1583724914.916791 8
1583724915.443006 22
1583724915.443062 22
1583724915.443368 9
1583724915.443418 9
1583724915.443453 9
1583724915.443495 9
1583724915.740950 28
1583724915.740990 28
1583724915.741284 9
1583724915.741373 9
1583724915.741411 9
1583724915.741432 9
1583724916.589546 28
1583724916.589641 9
1583724916.589866 9
1583724916.695324 27
1583724916.695362 27
1583724916.695730 9
1583724916.695753 9
1583724916.695783 9
1583724916.695808 9
1583724916.720016 28
1583724916.720106 9
1583724916.720420 9
1583724916.938856 27
1583724916.938895 27
1583724916.939159 9
1583724916.939203 9
1583724916.939235 9
1583724916.939261 9
1583724917.133874 22
1583724917.133983 9
1583724917.134232 9
1583724917.150501 27
1583724917.150536 27
1583724917.150773 9
1583724917.150810 9
1583724917.150844 9
1583724917.150870 9
1583724917.213605 27
1583724917.213705 9
1583724917.213958 9
1583724917.296885 28
1583724917.296947 28
1583724917.297262 10
1583724917.297287 10
1583724917.297317 10
1583724917.297342 10
1583724918.118366 22
1583724918.118518 9
1583724918.118724 9
1583724918.167571 22
1583724918.167652 9
1583724918.167960 9
1583724919.657849 28
1583724919.657898 28
1583724919.658334 10
1583724919.658358 10
1583724919.658388 10
1583724919.658414 10
1583724920.152598 22
1583724920.152700 9
1583724920.153039 9
1583724920.356744 22
1583724920.356838 9
1583724920.357064 9
1583724920.470492 27
1583724920.470575 9
1583724920.470937 9
1583724920.897067 22
1583724920.897150 9
1583724920.897348 9
1583724920.988501 23
1583724920.988552 23
1583724920.988770 10
1583724920.988900 10
1583724920.988954 10
1583724920.988980 10
1583724921.084390 22
1583724921.084483 9
1583724921.084764 9
1583724921.858827 27
1583724921.858907 9
1583724921.859092 9
1583724921.982403 23
1583724921.982531 10
1583724921.982700 10
1583724923.812147 29
1583724923.812184 29
1583724923.812503 10
1583724923.812540 10
1583724923.812572 10
1583724923.812598 10
1583724925.073135 29
1583724925.073232 10
1583724925.073452 10
1583724925.813454 29
1583724925.813507 29
1583724925.813855 10
1583724925.813879 10
1583724925.813909 10
1583724925.813945 10
1583724926.395088 28
1583724926.395185 10
1583724926.395433 10
1583724927.738244 27
1583724927.738338 9
1583724927.738596 9
1583724929.786487 28
1583724929.786599 28
1583724929.786904 10
1583724929.786985 10
1583724929.787023 10
1583724929.787042 10
1583724931.208833 28
1583724931.208950 10
1583724931.209208 10
1583724932.622577 29
1583724932.622661 10
1583724932.622839 10
1583724933.076871 28
1583724933.076910 28
1583724933.077197 10
1583724933.077234 10
1583724933.077266 10
1583724933.077291 10
1583724934.605983 23
1583724934.606086 10
1583724934.606294 10
1583724934.913370 24
1583724934.913422 24
1583724934.913803 10
1583724934.913825 10
1583724934.913856 10
1583724934.913881 10
1583724935.325987 27
1583724935.326085 9
1583724935.326409 9
1583724935.329333 28
1583724935.329379 9
1583724935.329583 9
1583724937.217007 27
1583724937.217091 9
1583724937.217289 9
1583724937.448662 28
1583724937.448770 10
1583724937.449045 10
1583724938.215523 29
1583724938.215611 10
1583724938.215783 10
1583724938.330989 29
1583724938.331042 29
1583724938.331461 10
1583724938.331483 10
1583724938.331513 10
1583724938.331539 10
1583724938.930544 23
1583724938.930666 10
1583724938.930946 10
1583724939.066121 28
1583724939.066216 10
1583724939.066437 10
1583724939.113971 29
1583724939.114041 10
1583724939.114275 10
1583724939.241792 28
1583724939.241868 10
1583724939.242050 10
1583724939.321390 23
1583724939.321440 23
1583724939.321798 10
1583724939.321819 10
1583724939.321850 10
1583724939.321875 10
1583724940.966801 28
1583724940.966903 10
1583724940.967177 10
1583724941.831441 28
1583724941.831536 10
1583724941.831844 10
1583724943.006184 30
1583724943.006265 10
1583724943.006485 10
1583724943.612741 23
1583724943.612883 10
1583724943.613024 10
1583724943.768866 28
1583724943.769069 10
1583724943.769305 10
1583724944.721538 29
1583724944.721620 10
1583724944.721822 10
1583724945.419574 28
1583724945.419662 10
1583724945.419833 10
1583724945.495248 29
1583724945.495334 10
1583724945.495534 10
1583724945.794801 28
1583724945.794883 10
1583724945.795079 10
1583724945.813221 28
1583724945.813267 28
1583724945.813538 10
1583724945.813558 10
1583724945.813583 10
1583724945.813596 10
1583724946.389992 29
1583724946.390023 29
1583724946.390371 10
1583724946.390396 10
1583724946.390428 10
1583724946.390453 10
1583724946.630799 23
1583724946.630840 23
1583724946.631103 10
1583724946.631186 10
1583724946.631223 10
1583724946.631250 10
1583724948.738058 29
1583724948.738166 10
1583724948.738400 10
1583724948.885696 28
1583724948.885734 28
1583724948.886047 10
1583724948.886111 10
1583724948.886152 10
1583724948.886179 10
1583724949.127421 29
1583724949.127528 10
1583724949.127802 10
1583724949.635342 23
1583724949.635397 23
1583724949.635771 10
1583724949.635795 10
1583724949.635826 10
1583724949.635852 10
1583724951.524099 28
1583724951.524199 10
1583724951.524427 10
1583724952.683626 28
1583724952.683720 10
1583724952.683946 10
1583724953.651834 23
1583724953.651885 23
1583724953.652244 10
1583724953.652304 10
1583724953.652335 10
1583724953.652360 10
1583724954.790529 28
1583724954.790626 10
1583724954.790885 10
1583724955.051595 28
1583724955.051693 10
1583724955.051995 10
1583724958.191490 29
1583724958.191574 10
1583724958.191794 10
1583724958.577430 28
1583724958.577538 10
1583724958.577722 10
1583724958.913301 28
1583724958.913400 28
1583724958.913790 10
1583724958.913812 10
1583724958.913842 10
1583724958.913867 10
1583724958.988243 28
1583724958.988280 28
1583724958.988617 10
1583724958.988749 10
1583724958.988780 10
1583724958.988809 10
1583724960.562461 29
1583724960.562565 10
1583724960.562794 10
1583724961.654586 29
1583724961.654646 29
1583724961.654940 10
1583724961.655008 10
1583724961.655048 10
1583724961.655075 10
1583724965.351361 23
1583724965.351408 23
1583724965.351774 10
1583724965.351798 10
1583724965.351830 10
1583724965.351866 10
1583724965.368918 29
1583724965.368987 10
1583724965.369538 10
1583724966.570990 28
1583724966.571096 10
1583724966.571331 10
1583724966.666548 29
1583724966.666636 10
1583724966.666859 10
1583724967.695427 29
1583724967.695478 29
1583724967.695857 10
1583724967.695881 10
1583724967.695909 10
1583724967.695942 10
1583724968.764392 29
1583724968.764497 10
1583724968.764708 10
1583724969.192946 23
1583724969.192982 23
1583724969.193280 10
1583724969.193304 10
1583724969.193333 10
1583724969.193358 10
1583724969.449186 29
1583724969.449277 10
1583724969.449485 10
1583724970.460761 30
1583724970.460836 10
1583724970.461051 10
1583724970.664242 28
1583724970.664330 10
1583724970.664681 10
1583724971.057818 29
1583724971.057899 10
1583724971.059021 10
1583724971.256965 23
1583724971.257045 10
1583724971.257243 10
1583724971.720029 28
1583724971.720108 10
1583724971.720320 10
1583724973.145343 23
1583724973.145391 23
1583724973.145791 10
1583724973.145814 10
1583724973.145842 10
1583724973.145866 10
1583724974.088087 28
1583724974.088191 10
1583724974.088423 10
1583724976.981921 28
1583724976.982025 10
1583724976.982445 10
1583724977.275385 29
1583724977.275466 10
1583724977.275698 10
1583724977.515137 29
1583724977.515216 10
1583724977.515445 10
1583724978.135096 28
1583724978.135171 10
1583724978.135484 10
1583724979.190867 28
1583724979.190978 10
1583724979.191190 10
1583724979.385818 30
1583724979.385898 11
1583724979.386079 11
1583724981.568374 29
1583724981.568419 29
1583724981.568828 11
1583724981.568849 11
1583724981.568877 11
1583724981.568901 11
1583724981.982669 30
1583724981.982701 30
1583724981.982979 11
1583724981.983085 11
1583724981.983120 11
1583724981.983140 11
1583724982.356659 30
1583724982.356749 11
1583724982.356992 11
1583724982.560700 29
1583724982.560739 29
1583724982.561069 11
1583724982.561094 11
1583724982.561124 11
1583724982.561144 11
1583724983.390829 30
1583724983.390867 30
1583724983.391145 11
1583724983.391236 11
1583724983.391271 11
1583724983.391296 11
1583724983.652917 30
1583724983.652964 30
1583724983.653199 11
1583724983.653278 11
1583724983.653312 11
1583724983.653337 11
1583724984.284566 30
1583724984.284603 30
1583724984.284855 11
1583724984.284957 11
1583724984.284995 11
1583724984.285020 11
1583724985.701392 29
1583724985.701481 11
1583724985.701707 11
1583724987.070757 29
1583724987.070794 29
1583724987.071163 11
1583724987.071199 11
1583724987.071230 11
1583724987.071255 11
1583724987.090291 29
1583724987.090347 11
1583724987.090563 11
1583724987.124997 29
1583724987.125066 11
1583724987.125307 11
1583724987.692675 29
1583724987.692753 11
1583724987.692944 11
1583724988.166603 29
1583724988.166682 11
1583724988.166886 11
1583724988.171963 30
1583724988.172004 11
1583724988.172232 11
1583724988.788476 29
1583724988.788557 11
1583724988.788738 11
1583724989.398434 29
1583724989.398512 11
1583724989.398720 11
1583724989.750012 29
1583724989.750103 11
1583724989.750313 11
1583724990.335075 30
1583724990.335153 11
1583724990.335338 11
1583724990.632298 30
1583724990.632357 30
1583724990.632670 11
1583724990.632721 11
1583724990.632750 11
1583724990.632775 11
1583724991.624019 30
1583724991.624108 11
1583724991.624387 11
1583724993.603063 24
1583724993.603150 11
1583724993.603441 11
1583724993.801693 24
1583724993.801771 11
1583724993.802002 11
1583724994.187795 29
1583724994.187875 11
1583724994.188229 30
1583724994.188264 30
1583724994.188411 11
1583724994.188479 11
1583724994.188495 11
1583724994.188517 11
1583724994.188544 11
1583724994.716323 29
1583724994.716423 11
1583724994.716733 11
1583724994.936624 30
1583724994.936674 30
1583724994.936979 11
1583724994.937059 11
1583724994.937099 11
1583724994.937124 11
1583724995.059841 30
1583724995.059946 11
1583724995.060185 11
1583724995.366460 29
1583724995.366540 11
1583724995.366735 11
1583724997.253133 30
1583724997.253214 11
1583724997.253421 11
1583724998.601240 30
1583724998.601262 30
1583724998.601633 11
1583724998.601656 11
1583724998.601685 11
1583724998.601709 11
1583724998.807204 29
1583724998.807254 29
1583724998.807585 11
1583724998.807628 11
1583724998.807661 11
1583724998.807684 11
1583724999.834826 29
1583724999.834920 11
1583724999.835219 11
1583724999.928071 30
1583724999.928150 11
1583724999.928392 11
1583725000.460140 24
1583725000.460189 24
1583725000.460991 11
1583725000.461022 11
1583725000.461053 11
1583725000.461077 11
1583725000.572275 29
1583725000.572355 11
1583725000.572548 11
1583725001.034228 29
1583725001.034272 29
1583725001.034623 11
1583725001.034666 11
1583725001.034698 11
1583725001.034722 11
1583725001.342297 29
1583725001.342390 11
1583725001.342621 11
1583725002.193530 29
1583725002.193617 11
1583725002.193816 11
1583725003.373282 29
1583725003.373333 29
1583725003.373747 11
1583725003.373771 11
1583725003.373800 11
1583725003.373823 11
1583725003.545566 29
1583725003.545619 29
1583725003.545961 11
1583725003.546009 11
1583725003.546036 11
1583725003.546069 11
1583725005.025336 29
1583725005.025487 11
1583725005.025759 11
1583725005.783205 24
1583725005.783235 24
1583725005.783592 11
1583725005.783614 11
1583725005.783643 11
1583725005.783667 11
1583725006.074230 29
1583725006.074335 11
1583725006.074518 11
1583725006.213824 29
1583725006.213859 29
1583725006.214195 11
1583725006.214219 11
1583725006.214249 11
1583725006.214273 11
1583725006.444116 30
1583725006.444316 11
1583725006.444466 11
1583725006.581768 30
1583725006.581833 30
1583725006.582133 11
1583725006.582187 11
1583725006.582211 11
1583725006.582228 11
1583725006.823975 29
1583725006.824077 11
1583725006.824361 11
1583725007.358359 30
1583725007.358483 11
1583725007.358758 11
1583725007.574985 30
1583725007.575065 11
1583725007.575370 11
1583725007.833236 0
1583725010.035256 30
1583725010.035679 11
1583725010.035718 11
1583725010.441549 30
1583725010.441640 11
1583725010.441906 11
1583725012.323449 30
1583725012.323529 11
1583725012.323955 11
1583725013.060860 29
1583725013.061262 11
1583725013.061300 11
1583725013.585661 29
1583725013.586078 11
1583725013.586115 11
1583725015.539993 30
1583725015.540329 11
1583725015.540361 11
1583725015.734188 29
1583725015.734285 11
1583725015.734488 11
1583725015.737500 30
1583725015.737538 11
1583725015.737766 11
1583725015.805462 30
1583725015.805935 11
1583725015.805978 11
1583725017.326136 30
1583725017.326577 11
1583725017.326619 11
1583725018.906966 30
1583725018.907307 11
1583725018.907348 11
1583725020.287083 29
1583725020.287185 11
1583725020.287402 11
1583725020.861432 30
1583725020.861954 11
1583725020.861995 11
1583725024.154881 24
1583725024.155239 11
1583725024.155283 11
1583725025.442353 30
1583725025.442737 11
1583725025.442776 11
1583725025.867057 29
1583725025.867157 11
1583725025.867412 11
1583725026.217615 29
1583725026.217695 11
1583725026.217883 11
1583725027.781882 30
1583725027.781988 11
1583725027.782174 11
1583725027.860227 29
1583725027.860630 11
1583725027.860673 11
1583725028.912130 29
1583725028.912600 11
1583725028.912643 11
1583725029.167152 30
1583725029.167254 11
1583725029.167470 11
1583725029.823311 30
1583725029.823773 11
1583725029.823811 11
1583725029.981555 31
1583725029.981913 11
1583725029.981963 11
1583725030.974761 29
1583725030.975101 11
1583725030.975137 11
1583725031.070634 29
1583725031.070722 11
1583725031.070962 11
1583725031.725618 29
1583725031.725696 11
1583725031.725877 11
1583725032.472450 30
1583725032.472878 11
1583725032.472941 11
1583725032.509109 30
1583725032.509379 11
1583725032.509415 11
1583725032.710432 24
1583725032.710776 11
1583725032.710815 11
1583725034.253877 30
1583725034.253984 11
1583725034.254212 11
1583725035.052303 30
1583725035.052770 11
1583725035.052809 11
1583725035.661591 29
1583725035.661682 11
1583725035.661935 11
1583725035.741036 30
1583725035.741414 11
1583725035.741453 11
1583725037.006027 30
1583725037.006431 11
1583725037.006469 11
1583725039.216147 24
1583725039.218697 11
1583725039.218744 11
1583725039.420469 29
1583725039.420558 11
1583725039.420777 11
1583725039.979945 30
1583725039.980024 11
1583725039.980316 11
1583725042.866737 29
1583725042.866817 11
1583725042.866992 11
1583725042.977666 29
1583725042.977745 11
1583725042.977938 11
1583725043.655055 30
1583725043.655133 11
1583725043.655325 11
1583725044.115485 30
1583725044.115879 11
1583725044.115918 11
1583725045.557164 29
1583725045.557285 11
1583725045.558191 11
1583725047.133572 29
1583725047.133652 11
1583725047.133907 11
1583725047.525396 30
1583725047.525780 11
1583725047.525817 11
1583725048.205420 29
1583725048.205511 11
1583725048.205734 11
1583725050.894050 30
1583725050.894461 11
1583725050.894500 11
1583725051.209154 29
1583725051.209464 11
1583725051.209570 11
1583725051.426140 29
1583725051.426469 11
1583725051.426510 11
1583725054.125052 29
1583725054.125400 11
1583725054.125440 11
1583725054.639025 30
1583725054.639389 11
1583725054.639430 11
1583725054.666494 29
1583725054.666577 11
1583725054.666826 11
1583725056.585660 30
1583725056.586085 11
1583725056.586158 11
1583725056.594848 30
1583725056.594882 11
1583725056.595084 11
1583725057.572576 29
1583725057.572657 11
1583725057.572866 11
1583725058.381124 29
1583725058.381199 11
1583725058.381407 11
1583725058.629619 24
1583725058.629714 11
1583725058.629896 11
1583725058.907310 30
1583725058.907698 11
1583725058.907735 11
1583725059.112240 29
1583725059.112564 11
1583725059.112613 11
1583725059.945354 29
1583725059.945461 11
1583725059.945668 11
1583725060.641855 30
1583725060.641946 11
1583725060.642119 11
1583725062.479952 30
1583725062.480319 11
1583725062.480359 11
1583725063.226302 30
1583725063.226682 11
1583725063.226721 11
1583725063.705014 29
1583725063.705106 11
1583725063.705322 11
1583725064.031752 29
1583725064.031830 11
1583725064.032007 11
1583725066.873662 30
1583725066.874125 11
1583725066.874173 11
1583725067.764945 30
1583725067.765027 11
1583725067.765238 11
1583725068.095418 30
1583725068.095748 11
1583725068.095786 11
1583725068.783178 24
1583725068.783280 11
1583725068.783498 11
1583725069.166805 30
1583725069.167203 11
1583725069.167244 11
1583725069.431282 30
1583725069.431380 11
1583725069.431644 11
1583725070.181113 29
1583725070.182309 11
1583725070.182350 11
1583725070.329463 24
1583725070.329547 11
1583725070.329760 11
1583725070.598167 30
1583725070.598634 11
1583725070.598698 11
1583725070.882224 30
1583725070.882593 11
1583725070.882632 11
1583725071.024768 29
1583725071.024882 11
1583725071.025132 11
1583725071.981900 29
1583725071.981994 11
1583725071.982183 11
1583725072.653491 30
1583725072.653563 11
1583725072.653809 11
1583725073.302120 30
1583725073.302827 11
1583725073.302866 11
1583725074.118654 30
1583725074.118747 11
1583725074.118979 11
1583725074.922543 29
1583725074.922625 11
1583725074.922814 11
1583725076.633291 30
1583725076.633718 11
1583725076.633755 11
1583725077.470668 30
1583725077.471006 11
1583725077.471048 11
1583725077.611810 30
1583725077.611900 11
1583725077.612087 11
1583725082.061505 30
1583725082.062288 11
1583725082.062352 11
1583725083.708067 30
1583725083.708169 11
1583725083.708390 11
1583725084.799969 29
1583725084.800044 11
1583725084.800231 11
1583725087.366344 29
1583725087.366438 11
1583725087.366661 11
1583725088.653511 30
1583725088.653615 11
1583725088.653791 11
1583725088.904017 29
1583725088.904091 11
1583725088.904294 11
1583725088.913189 30
1583725088.913392 11
1583725088.913437 11
1583725089.608032 30
1583725089.608145 11
1583725089.608348 11
1583725090.926142 29
1583725090.926224 11
1583725090.926489 11
1583725092.199431 29
1583725092.199515 11
1583725092.199727 11
1583725092.363501 24
1583725092.363580 11
1583725092.363759 11
1583725092.489563 29
1583725092.489645 11
1583725092.489817 11
1583725093.910878 29
1583725093.910983 11
1583725093.911191 11
1583725094.003227 29
1583725094.003305 11
1583725094.003531 11
1583725094.993242 30
1583725094.993624 11
1583725094.993664 11
1583725095.411551 30
1583725095.411971 11
1583725095.412017 11
1583725096.336035 29
1583725096.336134 11
1583725096.336341 11
1583725096.654359 29
1583725096.654441 11
1583725096.654656 11
1583725096.782118 30
1583725096.782196 11
1583725096.782394 11
1583725096.815283 29
1583725096.815339 11
1583725096.815553 11
1583725100.789668 30
1583725100.790120 11
1583725100.790181 11
1583725100.805063 30
1583725100.805116 12
1583725100.805301 12
1583725101.213451 30
1583725101.213522 12
1583725101.213764 12
1583725101.741050 31
1583725101.741131 12
1583725101.741420 12
1583725102.112074 31
1583725102.112465 12
1583725102.112502 12
1583725102.696843 30
1583725102.697217 12
1583725102.697259 12
1583725102.837405 31
1583725102.837747 12
1583725102.837785 12
1583725102.981827 30
1583725102.982154 12
1583725102.982204 12
1583725103.338242 24
1583725103.338531 12
1583725103.338566 12
1583725103.435515 30
1583725103.435605 12
1583725103.435825 12
1583725104.407779 30
1583725104.408168 12
1583725104.408210 12
1583725104.555094 30
1583725104.555624 12
1583725104.555671 12
1583725106.332855 25
1583725106.332969 12
1583725106.333183 12
1583725107.619581 31
1583725107.619952 12
1583725107.619996 12
1583725109.147315 24
1583725109.147419 12
1583725109.147638 12
1583725109.807511 30
1583725109.807888 12
1583725109.807935 12
1583725111.439174 30
1583725111.439286 12
1583725111.439533 12
