1583724907.622532 21
1583724907.622615 21
1583724907.630167 21
1583724907.630219 8
1583724907.630577 8
1583724907.631193 21
1583724907.631234 8
1583724907.631276 8
1583724907.631517 8
1583724907.631560 8
1583724907.631590 8
1583724907.631612 8
1583724909.215051 21
1583724909.215158 8
1583724909.215414 8
1583724909.805877 21
1583724909.805952 8
1583724909.806294 8
1583724910.324851 27
1583724910.324938 8
1583724910.325465 8
1583724912.232782 21
1583724912.232852 8
1583724912.233179 8
1583724913.307001 21
1583724913.307081 8
1583724913.307353 8
1583724914.916178 21
1583724914.916225 21
1583724914.916657 8
1583724914.916708 8
1583724914.916737 8
1583724914.916760 8
1583724915.443151 22
1583724915.443237 9
1583724915.443502 9
1583724915.741129 28
1583724915.741207 9
1583724915.741505 9
1583724916.589303 28
1583724916.589349 28
1583724916.589743 9
1583724916.589771 9
1583724916.589801 9
1583724916.589824 9
1583724916.695477 27
1583724916.695580 9
1583724916.695828 9
1583724916.719855 28
1583724916.719916 28
1583724916.720290 9
1583724916.720314 9
1583724916.720363 9
1583724916.720405 9
1583724916.938973 27
1583724916.939074 9
1583724916.939299 9
1583724917.133817 22
1583724917.133903 9
1583724917.134187 9
1583724917.150631 27
1583724917.150677 9
1583724917.150922 9
1583724917.213449 27
1583724917.213483 27
1583724917.213844 9
1583724917.213869 9
1583724917.213897 9
1583724917.213921 9
1583724917.297055 28
1583724917.297137 10
1583724917.297379 10
1583724918.118315 22
1583724918.118429 9
1583724918.118683 9
1583724918.167403 22
1583724918.167436 22
1583724918.167824 9
1583724918.167853 9
1583724918.167884 9
1583724918.167908 9
1583724919.658040 28
1583724919.658128 10
1583724919.658453 10
1583724920.152414 22
1583724920.152461 22
1583724920.152792 9
1583724920.152817 9
1583724920.152846 9
1583724920.152869 9
1583724920.356685 22
1583724920.356774 9
1583724920.357026 9
1583724920.470579 27
1583724920.470696 9
1583724920.470898 9
1583724920.896855 22
1583724920.896901 22
1583724920.897234 9
1583724920.897258 9
1583724920.897286 9
1583724920.897310 9
1583724920.988582 23
1583724920.988658 10
1583724920.989003 10
1583724921.084142 22
1583724921.084183 22
1583724921.084602 9
1583724921.084627 9
1583724921.084651 9
1583724921.084677 9
1583724921.858596 27
1583724921.858644 27
1583724921.858977 9
1583724921.859001 9
1583724921.859030 9
1583724921.859054 9
1583724921.982121 23
1583724921.982168 23
1583724921.982576 10
1583724921.982602 10
1583724921.982634 10
1583724921.982654 10
1583724923.812305 29
1583724923.812397 10
1583724923.812681 10
1583724925.072919 29
1583724925.072962 29
1583724925.073340 10
1583724925.073361 10
1583724925.073390 10
1583724925.073415 10
1583724925.813654 29
1583724925.813755 10
1583724925.813955 10
1583724926.394868 28
1583724926.394903 28
1583724926.395321 10
1583724926.395343 10
1583724926.395372 10
1583724926.395395 10
1583724927.738140 27
1583724927.738229 9
1583724927.738565 9
1583724929.786673 28
1583724929.786762 10
1583724929.787068 10
1583724931.208612 28
1583724931.208651 28
1583724931.209077 10
1583724931.209104 10
1583724931.209135 10
1583724931.209159 10
1583724932.622302 29
1583724932.622350 29
1583724932.622707 10
1583724932.622730 10
1583724932.622755 10
1583724932.622783 10
1583724933.076999 28
1583724933.077099 10
1583724933.077316 10
1583724934.605793 23
1583724934.605848 23
1583724934.606179 10
1583724934.606202 10
1583724934.606232 10
1583724934.606256 10
1583724934.913592 24
1583724934.913690 10
1583724934.913905 10
1583724935.325993 27
1583724935.326091 9
1583724935.326371 9
1583724935.329282 28
1583724935.329319 9
1583724935.329541 9
1583724937.216895 27
1583724937.216972 9
1583724937.217259 9
1583724937.448497 28
1583724937.448524 28
1583724937.448903 10
1583724937.448942 10
1583724937.448968 10
1583724937.448994 10
1583724938.215425 29
1583724938.215498 10
1583724938.215736 10
1583724938.331194 29
1583724938.331278 10
1583724938.331565 10
1583724938.930349 23
1583724938.930426 10
1583724938.930890 10
1583724939.066051 28
1583724939.066121 10
1583724939.066372 10
1583724939.113844 29
1583724939.113892 29
1583724939.114166 10
1583724939.114186 10
1583724939.114214 10
1583724939.114237 10
1583724939.241669 28
1583724939.241761 10
1583724939.242004 10
1583724939.321539 23
1583724939.321654 10
1583724939.321898 10
1583724940.966610 28
1583724940.966664 28
1583724940.967056 10
1583724940.967079 10
1583724940.967103 10
1583724940.967129 10
1583724941.831409 28
1583724941.831499 10
1583724941.831810 10
1583724943.005953 30
1583724943.006005 30
1583724943.006333 10
1583724943.006389 10
1583724943.006419 10
1583724943.006442 10
1583724943.612545 23
1583724943.612587 23
1583724943.612880 10
1583724943.612923 10
1583724943.612956 10
1583724943.612986 10
1583724943.768808 28
1583724943.768897 10
1583724943.769229 10
1583724944.721479 29
1583724944.721568 10
1583724944.721772 10
1583724945.419508 28
1583724945.419597 10
1583724945.419809 10
1583724945.495039 29
1583724945.495073 29
1583724945.495422 10
1583724945.495442 10
1583724945.495471 10
1583724945.495494 10
1583724945.794671 28
1583724945.794760 10
1583724945.795027 10
1583724945.813368 28
1583724945.813419 10
1583724945.813667 10
1583724946.390220 29
1583724946.390298 10
1583724946.390487 10
1583724946.630959 23
1583724946.631033 10
1583724946.631279 10
1583724948.737853 29
1583724948.737902 29
1583724948.738294 10
1583724948.738315 10
1583724948.738344 10
1583724948.738363 10
1583724948.885845 28
1583724948.885950 10
1583724948.886194 10
1583724949.127450 29
1583724949.127556 10
1583724949.127782 10
1583724949.635575 23
1583724949.635653 10
1583724949.635885 10
1583724951.524055 28
1583724951.524135 10
1583724951.524407 10
1583724952.683496 28
1583724952.683534 28
1583724952.683830 10
1583724952.683851 10
1583724952.683888 10
1583724952.683911 10
1583724953.652022 23
1583724953.652117 10
1583724953.652389 10
1583724954.790487 28
1583724954.790585 10
1583724954.790849 10
1583724955.051420 28
1583724955.051453 28
1583724955.051865 10
1583724955.051889 10
1583724955.051913 10
1583724955.051939 10
1583724958.191234 29
1583724958.191281 29
1583724958.191642 10
1583724958.191675 10
1583724958.191716 10
1583724958.191740 10
1583724958.577309 28
1583724958.577401 10
1583724958.577664 10
1583724958.913491 28
1583724958.913605 10
1583724958.913889 10
1583724958.988451 28
1583724958.988523 10
1583724958.988838 10
1583724960.562470 29
1583724960.562562 10
1583724960.562776 10
1583724961.654787 29
1583724961.654863 10
1583724961.655104 10
1583724965.351614 23
1583724965.351699 10
1583724965.351899 10
1583724965.368899 29
1583724965.368950 10
1583724965.369198 10
1583724966.570822 28
1583724966.570855 28
1583724966.571216 10
1583724966.571244 10
1583724966.571291 10
1583724966.571321 10
1583724966.666280 29
1583724966.666323 29
1583724966.666713 10
1583724966.666734 10
1583724966.666765 10
1583724966.666789 10
1583724967.695600 29
1583724967.695685 10
1583724967.695956 10
1583724968.764241 29
1583724968.764269 29
1583724968.764579 10
1583724968.764624 10
1583724968.764655 10
1583724968.764679 10
1583724969.193079 23
1583724969.193159 10
1583724969.193394 10
1583724969.447823 29
1583724969.447865 29
1583724969.448241 10
1583724969.449392 10
1583724969.449431 10
1583724969.449455 10
1583724970.460571 30
1583724970.460608 30
1583724970.460910 10
1583724970.460951 10
1583724970.460984 10
1583724970.461008 10
1583724970.664223 28
1583724970.664316 10
1583724970.664622 10
1583724971.058710 29
1583724971.058801 10
1583724971.058974 10
1583724971.256880 23
1583724971.256963 10
1583724971.257209 10
1583724971.719779 28
1583724971.719842 28
1583724971.720204 10
1583724971.720229 10
1583724971.720257 10
1583724971.720281 10
1583724973.145514 23
1583724973.145622 10
1583724973.145889 10
1583724974.088040 28
1583724974.088138 10
1583724974.088397 10
1583724976.981753 28
1583724976.981801 28
1583724976.982335 10
1583724976.982360 10
1583724976.982391 10
1583724976.982415 10
1583724977.275114 29
1583724977.275135 29
1583724977.275542 10
1583724977.275585 10
1583724977.275617 10
1583724977.275642 10
1583724977.515116 29
1583724977.515204 10
1583724977.515410 10
1583724978.135135 28
1583724978.135231 10
1583724978.135462 10
1583724979.190761 28
1583724979.190838 10
1583724979.191148 10
1583724979.385751 30
1583724979.385829 11
1583724979.386057 11
1583724981.568567 29
1583724981.568657 11
1583724981.568934 11
1583724981.982843 30
1583724981.982920 11
1583724981.983176 11
1583724982.356467 30
1583724982.356501 30
1583724982.356889 11
1583724982.356909 11
1583724982.356937 11
1583724982.356960 11
1583724982.560857 29
1583724982.560946 11
1583724982.561230 11
1583724983.391005 30
1583724983.391076 11
1583724983.391325 11
1583724983.653055 30
1583724983.653130 11
1583724983.653361 11
1583724984.284715 30
1583724984.284788 11
1583724984.285049 11
1583724985.701203 29
1583724985.701251 29
1583724985.701596 11
1583724985.701623 11
1583724985.701653 11
1583724985.701677 11
1583724987.070944 29
1583724987.071040 11
1583724987.071282 11
1583724987.090239 29
1583724987.090294 11
1583724987.090511 11
1583724987.124879 29
1583724987.124912 29
1583724987.125172 11
1583724987.125213 11
1583724987.125244 11
1583724987.125267 11
1583724987.692578 29
1583724987.692668 11
1583724987.692880 11
1583724988.166416 29
1583724988.166457 29
1583724988.166736 11
1583724988.166794 11
1583724988.166823 11
1583724988.166846 11
1583724988.171865 30
1583724988.171894 30
1583724988.172057 11
1583724988.172141 11
1583724988.172172 11
1583724988.172195 11
1583724988.788392 29
1583724988.788483 11
1583724988.788701 11
1583724989.398213 29
1583724989.398256 29
1583724989.398600 11
1583724989.398629 11
1583724989.398658 11
1583724989.398689 11
1583724989.749956 29
1583724989.750065 11
1583724989.750282 11
1583724990.335037 30
1583724990.335112 11
1583724990.335303 11
1583724990.632452 30
1583724990.632538 11
1583724990.632797 11
1583724991.623852 30
1583724991.623895 30
1583724991.624265 11
1583724991.624288 11
1583724991.624310 11
1583724991.624338 11
1583724993.603045 24
1583724993.603137 11
1583724993.603403 11
1583724993.801507 24
1583724993.801568 24
1583724993.801837 11
1583724993.801908 11
1583724993.801946 11
1583724993.801970 11
1583724994.187601 29
1583724994.187636 29
1583724994.187927 11
1583724994.188000 11
1583724994.188040 11
1583724994.188065 11
1583724994.188297 30
1583724994.188328 11
1583724994.188580 11
1583724994.716134 29
1583724994.716163 29
1583724994.716542 11
1583724994.716579 11
1583724994.716603 11
1583724994.716633 11
1583724994.936789 30
1583724994.936886 11
1583724994.937147 11
1583724995.059812 30
1583724995.059900 11
1583724995.060148 11
1583724995.366416 29
1583724995.366494 11
1583724995.366786 11
1583724997.253107 30
1583724997.253185 11
1583724997.253386 11
1583724998.601449 30
1583724998.601521 11
1583724998.601747 11
1583724998.807436 29
1583724998.807515 11
1583724998.807714 11
1583724999.834641 29
1583724999.834675 29
1583724999.835100 11
1583724999.835122 11
1583724999.835150 11
1583724999.835174 11
1583724999.927892 30
1583724999.927927 30
1583724999.928202 11
1583724999.928281 11
1583724999.928322 11
1583724999.928346 11
1583725000.460763 24
1583725000.460857 11
1583725000.461098 11
1583725000.572136 29
1583725000.572164 29
1583725000.572443 11
1583725000.572466 11
1583725000.572494 11
1583725000.572518 11
1583725001.034420 29
1583725001.034508 11
1583725001.034751 11
1583725001.342102 29
1583725001.342156 29
1583725001.342503 11
1583725001.342529 11
1583725001.342570 11
1583725001.342601 11
1583725002.193321 29
1583725002.193371 29
1583725002.193673 11
1583725002.193712 11
1583725002.193744 11
1583725002.193769 11
1583725003.373472 29
1583725003.373580 11
1583725003.373975 11
1583725003.545798 29
1583725003.545876 11
1583725003.546113 11
1583725005.025138 29
1583725005.025167 29
1583725005.025568 11
1583725005.025645 11
1583725005.025703 11
1583725005.025746 11
1583725005.783395 24
1583725005.783495 11
1583725005.783695 11
1583725006.073524 29
1583725006.073583 29
1583725006.073918 11
1583725006.074427 11
1583725006.074454 11
1583725006.074481 11
1583725006.213988 29
1583725006.214079 11
1583725006.214306 11
1583725006.443982 30
1583725006.444087 11
1583725006.444435 11
1583725006.581963 30
1583725006.582068 11
1583725006.582319 11
1583725006.823862 29
1583725006.823901 29
1583725006.824228 11
1583725006.824253 11
1583725006.824284 11
1583725006.824304 11
1583725007.358321 30
1583725007.358433 11
1583725007.358720 11
1583725007.574819 30
1583725007.574873 30
1583725007.575130 11
1583725007.575258 11
1583725007.575345 11
1583725007.575389 11
